Time (seconds), Duration (seconds),pred_unlabelled,pred_left,pred_square,pred_circle,pred_right
0.01000,0.98000,0.96039,0.03440,0.00105,0.00150,0.00265
0.21000,0.98000,0.96292,0.03201,0.00105,0.00146,0.00256
0.41000,0.98000,0.83367,0.15549,0.00170,0.00344,0.00569
0.61000,0.98000,0.37614,0.60695,0.00224,0.00319,0.01149
0.81000,0.98000,0.01473,0.98277,0.00043,0.00080,0.00127
1.01000,0.98000,0.00022,0.99937,0.00003,0.00023,0.00015
1.21000,0.98000,0.00082,0.99847,0.00006,0.00035,0.00030
1.41000,0.98000,0.72619,0.27229,0.00064,0.00016,0.00072
1.61000,0.98000,0.97955,0.01789,0.00036,0.00044,0.00177
1.81000,0.98000,0.99919,0.00058,0.00004,0.00005,0.00013
2.01000,0.98000,0.95876,0.03678,0.00105,0.00136,0.00204
2.21000,0.98000,0.95542,0.03886,0.00125,0.00166,0.00281
2.41000,0.98000,0.95320,0.04075,0.00131,0.00174,0.00300
2.61000,0.98000,0.96687,0.02791,0.00138,0.00171,0.00213
2.81000,0.98000,0.97227,0.01289,0.00923,0.00417,0.00144
3.01000,0.98000,0.24083,0.00419,0.73743,0.01537,0.00218
3.21000,0.98000,0.00190,0.00007,0.99718,0.00056,0.00029
3.41000,0.98000,0.00021,0.00001,0.99963,0.00010,0.00006
3.61000,0.98000,0.00045,0.00001,0.99937,0.00002,0.00015
3.81000,0.98000,0.01689,0.00031,0.98248,0.00008,0.00023
4.01000,0.98000,0.28860,0.00067,0.70885,0.00022,0.00167
4.21000,0.98000,0.99368,0.00139,0.00455,0.00012,0.00025
4.41000,0.98000,0.99742,0.00216,0.00021,0.00016,0.00004
4.61000,0.98000,0.99335,0.00547,0.00028,0.00033,0.00058
4.81000,0.98000,0.95797,0.03773,0.00085,0.00134,0.00210
5.01000,0.98000,0.96016,0.03473,0.00103,0.00147,0.00261
5.21000,0.98000,0.95745,0.03702,0.00112,0.00159,0.00283
5.41000,0.98000,0.95796,0.03661,0.00111,0.00155,0.00277
5.61000,0.98000,0.95828,0.03633,0.00110,0.00155,0.00274
5.81000,0.98000,0.97223,0.02279,0.00142,0.00172,0.00184
6.01000,0.98000,0.97007,0.01259,0.00529,0.01069,0.00136
6.21000,0.98000,0.06190,0.00548,0.00634,0.92471,0.00157
6.41000,0.98000,0.00297,0.00054,0.00216,0.99402,0.00030
6.61000,0.98000,0.00014,0.00006,0.00011,0.99966,0.00002
6.81000,0.98000,0.00037,0.00027,0.00003,0.99931,0.00003
7.01000,0.98000,0.41730,0.00104,0.00329,0.57729,0.00108
7.21000,0.98000,0.98595,0.00051,0.00028,0.01311,0.00014
7.41000,0.98000,0.99828,0.00040,0.00009,0.00106,0.00016
7.61000,0.98000,0.99766,0.00157,0.00026,0.00025,0.00026
7.81000,0.98000,0.98091,0.01758,0.00039,0.00043,0.00068
8.01000,0.98000,0.95811,0.03651,0.00108,0.00155,0.00275
8.21000,0.98000,0.95768,0.03684,0.00112,0.00158,0.00279
8.41000,0.98000,0.95605,0.03832,0.00115,0.00161,0.00287
8.61000,0.98000,0.95559,0.03871,0.00116,0.00156,0.00298
8.81000,0.98000,0.97645,0.01443,0.00061,0.00100,0.00752
9.01000,0.98000,0.45078,0.02759,0.00267,0.00620,0.51276
9.21000,0.98000,0.00230,0.00036,0.00059,0.00035,0.99640
9.41000,0.98000,0.00021,0.00004,0.00017,0.00007,0.99951
9.61000,0.98000,0.00287,0.00025,0.00091,0.00006,0.99591
9.81000,0.98000,0.25826,0.00182,0.00678,0.00107,0.73207
10.01000,0.98000,0.99884,0.00098,0.00011,0.00004,0.00003
10.21000,0.98000,0.97978,0.01693,0.00071,0.00100,0.00158
10.41000,0.98000,0.97656,0.01979,0.00078,0.00113,0.00173
10.61000,0.98000,0.97550,0.02076,0.00080,0.00115,0.00178
10.81000,0.98000,0.97456,0.02166,0.00081,0.00116,0.00181
11.01000,0.98000,0.97456,0.02165,0.00080,0.00117,0.00182
11.21000,0.98000,0.97426,0.02200,0.00081,0.00117,0.00176
11.41000,0.98000,0.84412,0.14481,0.00238,0.00178,0.00691
11.61000,0.98000,0.20775,0.77969,0.00283,0.00292,0.00681
11.81000,0.98000,0.68139,0.28457,0.00322,0.00092,0.02990
12.01000,0.98000,0.00058,0.99876,0.00009,0.00027,0.00030
12.21000,0.98000,0.02119,0.97798,0.00022,0.00040,0.00022
12.41000,0.98000,0.95659,0.03944,0.00023,0.00107,0.00267
12.61000,0.98000,0.99048,0.00650,0.00024,0.00038,0.00240
12.81000,0.98000,0.90658,0.08729,0.00135,0.00206,0.00272
13.01000,0.98000,0.94921,0.04436,0.00140,0.00187,0.00316
13.21000,0.98000,0.95130,0.04253,0.00134,0.00177,0.00306
13.41000,0.98000,0.95143,0.04237,0.00134,0.00178,0.00308
13.61000,0.98000,0.95267,0.04118,0.00133,0.00178,0.00304
13.81000,0.98000,0.97173,0.01904,0.00436,0.00322,0.00165
14.01000,0.98000,0.86067,0.00960,0.12239,0.00503,0.00231
14.21000,0.98000,0.00928,0.00021,0.98888,0.00101,0.00062
14.41000,0.98000,0.00039,0.00001,0.99945,0.00010,0.00005
14.61000,0.98000,0.00020,0.00001,0.99968,0.00003,0.00008
14.81000,0.98000,0.00209,0.00003,0.99770,0.00009,0.00008
15.01000,0.98000,0.00106,0.00002,0.99866,0.00011,0.00015
15.21000,0.98000,0.92012,0.00121,0.07817,0.00024,0.00027
15.41000,0.98000,0.99903,0.00068,0.00015,0.00007,0.00006
15.61000,0.98000,0.99747,0.00165,0.00048,0.00020,0.00021
15.81000,0.98000,0.99532,0.00387,0.00018,0.00017,0.00046
16.01000,0.98000,0.97629,0.02005,0.00078,0.00115,0.00172
16.21000,0.98000,0.96930,0.02627,0.00095,0.00129,0.00219
16.41000,0.98000,0.97880,0.01664,0.00142,0.00167,0.00148
16.61000,0.98000,0.97560,0.01100,0.00531,0.00688,0.00121
16.81000,0.98000,0.26878,0.00965,0.02300,0.69471,0.00386
17.01000,0.98000,0.00376,0.00075,0.00396,0.99100,0.00053
17.21000,0.98000,0.00026,0.00010,0.00021,0.99939,0.00004
17.41000,0.98000,0.00138,0.00026,0.00021,0.99808,0.00007
17.61000,0.98000,0.71983,0.00069,0.00655,0.27205,0.00087
17.81000,0.98000,0.99872,0.00020,0.00020,0.00081,0.00006
18.01000,0.98000,0.99919,0.00026,0.00011,0.00028,0.00015
18.21000,0.98000,0.99839,0.00119,0.00017,0.00009,0.00016
18.41000,0.98000,0.97174,0.02541,0.00062,0.00091,0.00132
18.61000,0.98000,0.96219,0.03296,0.00097,0.00142,0.00247
18.81000,0.98000,0.95783,0.02730,0.00069,0.00171,0.01247
19.01000,0.98000,0.76016,0.03919,0.00308,0.00578,0.19179
19.21000,0.98000,0.21382,0.00814,0.00446,0.00140,0.77218
19.41000,0.98000,0.00093,0.00017,0.00026,0.00009,0.99855
19.61000,0.98000,0.00089,0.00008,0.00040,0.00005,0.99858
19.81000,0.98000,0.11883,0.00376,0.00447,0.00012,0.87282
20.01000,0.98000,0.99857,0.00061,0.00037,0.00005,0.00039
20.21000,0.98000,0.99541,0.00351,0.00026,0.00032,0.00050
20.41000,0.98000,0.98685,0.01051,0.00058,0.00089,0.00117
