Time (seconds), Duration (seconds),pred_unlabelled,pred_click,pred_right,pred_left
0.01515,1.96970,0.99905,0.00005,0.00089,0.00002
0.10606,1.96970,0.90842,0.00595,0.00963,0.07601
0.19697,1.96970,0.99991,0.00003,0.00005,0.00001
0.28788,1.96970,0.85641,0.00401,0.00074,0.13884
0.37879,1.96970,0.99843,0.00073,0.00076,0.00007
0.46970,1.96970,0.79056,0.00479,0.00490,0.19975
0.56061,1.96970,0.99588,0.00221,0.00090,0.00101
0.65152,1.96970,0.20178,0.00254,0.00083,0.79486
0.74242,1.96970,0.99269,0.00288,0.00386,0.00057
0.83333,1.96970,0.49133,0.00625,0.00305,0.49937
0.92424,1.96970,0.99844,0.00089,0.00022,0.00045
1.01515,1.96970,0.29708,0.00336,0.00054,0.69901
1.10606,1.96970,0.99822,0.00079,0.00086,0.00012
1.19697,1.96970,0.88175,0.00106,0.00134,0.11586
1.28788,1.96970,0.99837,0.00075,0.00034,0.00054
1.37879,1.96970,0.50049,0.00174,0.00056,0.49721
1.46970,1.96970,0.99870,0.00049,0.00069,0.00013
1.56061,1.96970,0.94696,0.00060,0.00073,0.05171
1.65152,1.96970,0.99900,0.00023,0.00010,0.00067
1.74242,1.96970,0.99421,0.00012,0.00014,0.00553
1.83333,1.96970,0.99646,0.00054,0.00147,0.00153
1.92424,1.96970,0.98898,0.00035,0.00231,0.00837
2.01515,1.96970,0.99006,0.00034,0.00528,0.00431
2.10606,1.96970,0.98181,0.00168,0.00669,0.00982
2.19697,1.96970,0.98257,0.00227,0.00856,0.00659
2.28788,1.96970,0.98257,0.00227,0.00856,0.00659
2.37879,1.96970,0.98257,0.00227,0.00856,0.00659
2.46970,1.96970,0.98822,0.00119,0.00744,0.00316
2.56061,1.96970,0.97524,0.00221,0.00924,0.01330
2.65152,1.96970,0.86397,0.00821,0.06010,0.06772
2.74242,1.96970,0.99426,0.00038,0.00104,0.00433
2.83333,1.96970,0.95682,0.00618,0.01683,0.02016
2.92424,1.96970,0.99400,0.00059,0.00424,0.00117
3.01515,1.96970,0.60799,0.01526,0.07276,0.30399
3.10606,1.96970,0.91026,0.00226,0.01084,0.07665
3.19697,1.96970,0.83273,0.00680,0.07212,0.08835
3.28788,1.96970,0.93412,0.00531,0.01768,0.04289
3.37879,1.96970,0.36330,0.00723,0.04368,0.58578
3.46970,1.96970,0.93862,0.00341,0.00385,0.05411
3.56061,1.96970,0.88422,0.00252,0.01916,0.09410
3.65152,1.96970,0.96772,0.00362,0.01111,0.01755
3.74242,1.96970,0.53694,0.00883,0.04502,0.40920
3.83333,1.96970,0.93791,0.00171,0.00405,0.05634
3.92424,1.96970,0.90581,0.00309,0.02558,0.06552
4.01515,1.96970,0.98043,0.00143,0.00560,0.01254
4.10606,1.96970,0.69733,0.00276,0.02050,0.27941
4.19697,1.96970,0.98423,0.00080,0.00141,0.01356
4.28788,1.96970,0.97221,0.00047,0.00265,0.02467
4.37879,1.96970,0.99877,0.00019,0.00054,0.00049
4.46970,1.96970,0.99724,0.00011,0.00073,0.00192
4.56061,1.96970,0.98881,0.00086,0.00085,0.00948
4.65152,1.96970,0.99562,0.00021,0.00142,0.00275
4.74242,1.96970,0.98963,0.00132,0.00446,0.00459
4.83333,1.96970,0.98257,0.00227,0.00856,0.00659
4.92424,1.96970,0.98961,0.00115,0.00651,0.00273
5.01515,1.96970,0.97967,0.00184,0.01229,0.00620
5.10606,1.96970,0.99241,0.00010,0.00721,0.00028
5.19697,1.96970,0.97844,0.00074,0.01268,0.00813
5.28788,1.96970,0.95091,0.00006,0.04811,0.00092
5.37879,1.96970,0.98690,0.00012,0.01241,0.00056
5.46970,1.96970,0.99656,0.00001,0.00339,0.00004
5.56061,1.96970,0.98329,0.00025,0.01594,0.00052
5.65152,1.96970,0.90387,0.00005,0.09581,0.00027
5.74242,1.96970,0.96221,0.00008,0.03753,0.00018
5.83333,1.96970,0.96878,0.00011,0.03095,0.00016
5.92424,1.96970,0.58344,0.00187,0.41019,0.00449
6.01515,1.96970,0.77281,0.00016,0.22637,0.00066
6.10606,1.96970,0.90446,0.00020,0.09481,0.00053
6.19697,1.96970,0.97464,0.00005,0.02511,0.00021
6.28788,1.96970,0.88892,0.00094,0.10678,0.00336
6.37879,1.96970,0.89914,0.00012,0.10041,0.00033
6.46970,1.96970,0.96813,0.00005,0.03155,0.00027
6.56061,1.96970,0.99087,0.00003,0.00901,0.00009
6.65152,1.96970,0.93743,0.00057,0.06038,0.00162
6.74242,1.96970,0.98597,0.00004,0.01387,0.00012
6.83333,1.96970,0.99054,0.00006,0.00927,0.00013
6.92424,1.96970,0.99834,0.00006,0.00137,0.00023
7.01515,1.96970,0.99384,0.00016,0.00564,0.00036
7.10606,1.96970,0.99434,0.00042,0.00439,0.00085
7.19697,1.96970,0.99154,0.00015,0.00713,0.00118
7.28788,1.96970,0.99695,0.00027,0.00178,0.00100
7.37879,1.96970,0.98257,0.00227,0.00856,0.00659
7.46970,1.96970,0.98257,0.00227,0.00856,0.00659
7.56061,1.96970,0.98257,0.00227,0.00856,0.00659
7.65152,1.96970,0.98818,0.00036,0.01062,0.00085
7.74242,1.96970,0.98904,0.00055,0.00833,0.00208
7.83333,1.96970,0.98915,0.00002,0.01058,0.00024
7.92424,1.96970,0.97081,0.00052,0.02620,0.00247
8.01515,1.96970,0.99955,0.00001,0.00042,0.00002
8.10606,1.96970,0.99781,0.00013,0.00161,0.00044
8.19697,1.96970,0.95226,0.00080,0.04393,0.00300
8.28788,1.96970,0.97033,0.00028,0.02767,0.00172
8.37879,1.96970,0.97162,0.00009,0.02795,0.00034
8.46970,1.96970,0.87746,0.00071,0.11944,0.00238
8.56061,1.96970,0.80222,0.00053,0.18565,0.01160
8.65152,1.96970,0.97756,0.00006,0.02208,0.00030
8.74242,1.96970,0.96612,0.00011,0.03348,0.00029
8.83333,1.96970,0.92784,0.00018,0.07129,0.00070
8.92424,1.96970,0.70164,0.00116,0.29171,0.00548
9.01515,1.96970,0.88739,0.00026,0.11177,0.00058
9.10606,1.96970,0.97348,0.00025,0.02568,0.00058
9.19697,1.96970,0.97230,0.00006,0.02737,0.00026
9.28788,1.96970,0.73247,0.00106,0.25826,0.00821
9.37879,1.96970,0.97457,0.00003,0.02509,0.00031
9.46970,1.96970,0.99546,0.00029,0.00314,0.00110
9.56061,1.96970,0.98567,0.00017,0.01285,0.00132
9.65152,1.96970,0.86986,0.00730,0.10641,0.01643
9.74242,1.96970,0.97319,0.00006,0.02648,0.00027
9.83333,1.96970,0.98271,0.00089,0.01420,0.00220
9.92424,1.96970,0.99284,0.00006,0.00638,0.00072
10.01515,1.96970,0.96025,0.00475,0.02679,0.00822
10.10606,1.96970,0.98580,0.00043,0.01217,0.00161
10.19697,1.96970,0.99593,0.00068,0.00250,0.00088
10.28788,1.96970,0.99965,0.00001,0.00030,0.00004
10.37879,1.96970,0.99984,0.00001,0.00012,0.00002
10.46970,1.96970,0.98386,0.00742,0.00251,0.00621
10.56061,1.96970,0.99988,0.00008,0.00002,0.00001
10.65152,1.96970,0.99959,0.00029,0.00003,0.00009
10.74242,1.96970,0.99607,0.00291,0.00075,0.00028
10.83333,1.96970,0.97139,0.01869,0.00151,0.00841
10.92424,1.96970,0.99803,0.00172,0.00021,0.00005
11.01515,1.96970,0.99223,0.00688,0.00021,0.00068
11.10606,1.96970,0.95497,0.03994,0.00425,0.00083
11.19697,1.96970,0.84705,0.13666,0.00185,0.01443
11.28788,1.96970,0.99207,0.00709,0.00052,0.00032
11.37879,1.96970,0.99593,0.00364,0.00010,0.00033
11.46970,1.96970,0.99493,0.00406,0.00079,0.00022
11.56061,1.96970,0.97777,0.01670,0.00060,0.00492
11.65152,1.96970,0.99859,0.00120,0.00009,0.00012
11.74242,1.96970,0.99955,0.00036,0.00005,0.00004
11.83333,1.96970,0.99877,0.00097,0.00022,0.00004
11.92424,1.96970,0.99683,0.00271,0.00018,0.00029
12.01515,1.96970,0.99934,0.00046,0.00012,0.00008
12.10606,1.96970,0.99973,0.00005,0.00014,0.00009
12.19697,1.96970,0.99680,0.00116,0.00174,0.00030
12.28788,1.96970,0.99857,0.00034,0.00039,0.00070
12.37879,1.96970,0.99854,0.00036,0.00055,0.00055
12.46970,1.96970,0.99478,0.00093,0.00301,0.00128
12.56061,1.96970,0.97896,0.01386,0.00193,0.00524
12.65152,1.96970,0.99617,0.00064,0.00270,0.00049
12.74242,1.96970,0.96264,0.02953,0.00141,0.00642
12.83333,1.96970,0.99377,0.00093,0.00442,0.00088
12.92424,1.96970,0.91831,0.08060,0.00038,0.00072
13.01515,1.96970,0.99664,0.00068,0.00241,0.00027
13.10606,1.96970,0.97163,0.02759,0.00014,0.00064
13.19697,1.96970,0.97869,0.01305,0.00613,0.00214
13.28788,1.96970,0.55394,0.44495,0.00017,0.00095
13.37879,1.96970,0.99120,0.00525,0.00302,0.00053
13.46970,1.96970,0.34493,0.65225,0.00022,0.00260
13.56061,1.96970,0.95774,0.03020,0.00778,0.00428
13.65152,1.96970,0.33683,0.66220,0.00013,0.00083
13.74242,1.96970,0.99112,0.00398,0.00420,0.00071
13.83333,1.96970,0.90855,0.08969,0.00011,0.00165
13.92424,1.96970,0.98863,0.00776,0.00205,0.00156
14.01515,1.96970,0.90964,0.08998,0.00005,0.00033
14.10606,1.96970,0.99702,0.00125,0.00130,0.00043
14.19697,1.96970,0.97070,0.02885,0.00011,0.00033
14.28788,1.96970,0.99725,0.00081,0.00074,0.00121
14.37879,1.96970,0.97160,0.02684,0.00058,0.00097
14.46970,1.96970,0.99663,0.00063,0.00212,0.00061
