Time (seconds), Duration (seconds),pred_unlabelled,pred_click,pred_right,pred_left
0.01515,0.96970,0.99911,0.00021,0.00048,0.00021
0.10606,0.96970,0.99911,0.00021,0.00048,0.00021
0.19697,0.96970,0.99911,0.00021,0.00048,0.00021
0.28788,0.96970,0.99911,0.00021,0.00048,0.00021
0.37879,0.96970,0.99911,0.00021,0.00048,0.00021
0.46970,0.96970,0.99911,0.00021,0.00048,0.00021
0.56061,0.96970,0.99911,0.00021,0.00048,0.00021
0.65152,0.96970,0.99911,0.00021,0.00048,0.00021
0.74242,0.96970,0.99898,0.00010,0.00025,0.00067
0.83333,0.96970,0.96345,0.00017,0.00108,0.03530
0.92424,0.96970,0.79800,0.10183,0.00436,0.09581
1.01515,0.96970,0.16470,0.04216,0.00001,0.79312
1.10606,0.96970,0.00244,0.00008,0.00002,0.99746
1.19697,0.96970,0.00050,0.00006,0.00000,0.99943
1.28788,0.96970,0.01352,0.00009,0.00111,0.98527
1.37879,0.96970,0.00139,0.00032,0.00000,0.99829
1.46970,0.96970,0.07255,0.00008,0.00010,0.92727
1.56061,0.96970,0.49252,0.00132,0.00014,0.50602
1.65152,0.96970,0.93623,0.00004,0.00105,0.06268
1.74242,0.96970,0.98665,0.00006,0.00013,0.01316
1.83333,0.96970,0.99966,0.00000,0.00020,0.00014
1.92424,0.96970,0.99959,0.00002,0.00016,0.00023
2.01515,0.96970,0.99978,0.00001,0.00011,0.00010
2.10606,0.96970,0.99917,0.00024,0.00039,0.00021
2.19697,0.96970,0.99911,0.00021,0.00048,0.00021
2.28788,0.96970,0.99911,0.00021,0.00048,0.00021
2.37879,0.96970,0.99911,0.00021,0.00048,0.00021
2.46970,0.96970,0.99911,0.00021,0.00048,0.00021
2.56061,0.96970,0.99911,0.00021,0.00048,0.00021
2.65152,0.96970,0.99911,0.00021,0.00048,0.00021
2.74242,0.96970,0.99911,0.00021,0.00048,0.00021
2.83333,0.96970,0.99911,0.00021,0.00048,0.00021
2.92424,0.96970,0.99911,0.00021,0.00048,0.00021
3.01515,0.96970,0.99911,0.00021,0.00048,0.00021
3.10606,0.96970,0.99911,0.00021,0.00048,0.00021
3.19697,0.96970,0.99911,0.00021,0.00048,0.00021
3.28788,0.96970,0.99911,0.00021,0.00048,0.00021
3.37879,0.96970,0.99911,0.00021,0.00048,0.00021
3.46970,0.96970,0.99929,0.00009,0.00011,0.00052
3.56061,0.96970,0.99416,0.00001,0.00055,0.00527
3.65152,0.96970,0.91385,0.00003,0.00336,0.08276
3.74242,0.96970,0.77855,0.00000,0.02161,0.19985
3.83333,0.96970,0.03100,0.00000,0.00164,0.96736
3.92424,0.96970,0.00868,0.00000,0.00274,0.98858
4.01515,0.96970,0.01877,0.00000,0.00047,0.98076
4.10606,0.96970,0.09750,0.00000,0.00305,0.89946
4.19697,0.96970,0.24046,0.00000,0.00013,0.75941
4.28788,0.96970,0.64351,0.00000,0.00739,0.34910
4.37879,0.96970,0.94931,0.00000,0.00074,0.04995
4.46970,0.96970,0.99730,0.00000,0.00130,0.00140
4.56061,0.96970,0.99923,0.00000,0.00024,0.00053
4.65152,0.96970,0.99981,0.00000,0.00006,0.00012
4.74242,0.96970,0.99944,0.00011,0.00027,0.00018
4.83333,0.96970,0.99911,0.00021,0.00048,0.00021
4.92424,0.96970,0.99911,0.00021,0.00048,0.00021
5.01515,0.96970,0.99911,0.00021,0.00048,0.00021
5.10606,0.96970,0.99911,0.00021,0.00048,0.00021
5.19697,0.96970,0.99911,0.00021,0.00048,0.00021
5.28788,0.96970,0.99911,0.00021,0.00048,0.00021
5.37879,0.96970,0.99911,0.00021,0.00048,0.00021
5.46970,0.96970,0.99911,0.00021,0.00048,0.00021
5.56061,0.96970,0.99911,0.00021,0.00048,0.00021
5.65152,0.96970,0.99911,0.00021,0.00048,0.00021
5.74242,0.96970,0.99911,0.00021,0.00048,0.00021
5.83333,0.96970,0.99911,0.00021,0.00048,0.00021
5.92424,0.96970,0.99834,0.00031,0.00116,0.00020
6.01515,0.96970,0.87167,0.00005,0.12771,0.00058
6.10606,0.96970,0.73628,0.00001,0.26321,0.00050
6.19697,0.96970,0.38373,0.00000,0.61616,0.00011
6.28788,0.96970,0.07629,0.00000,0.92350,0.00021
6.37879,0.96970,0.02124,0.00000,0.97874,0.00002
6.46970,0.96970,0.02979,0.00000,0.97021,0.00000
6.56061,0.96970,0.00741,0.00000,0.99258,0.00000
6.65152,0.96970,0.03116,0.00000,0.96883,0.00000
6.74242,0.96970,0.02880,0.00000,0.97115,0.00005
6.83333,0.96970,0.01451,0.00000,0.98546,0.00004
6.92424,0.96970,0.73155,0.00000,0.26809,0.00036
7.01515,0.96970,0.92029,0.00000,0.07947,0.00024
7.10606,0.96970,0.98312,0.00001,0.01677,0.00010
7.19697,0.96970,0.98914,0.00002,0.01061,0.00023
7.28788,0.96970,0.99918,0.00003,0.00073,0.00006
7.37879,0.96970,0.99911,0.00021,0.00048,0.00021
7.46970,0.96970,0.99911,0.00021,0.00048,0.00021
7.56061,0.96970,0.99911,0.00021,0.00048,0.00021
7.65152,0.96970,0.99911,0.00021,0.00048,0.00021
7.74242,0.96970,0.99911,0.00021,0.00048,0.00021
7.83333,0.96970,0.99911,0.00021,0.00048,0.00021
7.92424,0.96970,0.99911,0.00021,0.00048,0.00021
8.01515,0.96970,0.99911,0.00021,0.00048,0.00021
8.10606,0.96970,0.99911,0.00021,0.00048,0.00021
8.19697,0.96970,0.99911,0.00021,0.00048,0.00021
8.28788,0.96970,0.99911,0.00021,0.00048,0.00021
8.37879,0.96970,0.99911,0.00021,0.00048,0.00021
8.46970,0.96970,0.99911,0.00021,0.00048,0.00021
8.56061,0.96970,0.99911,0.00021,0.00048,0.00021
8.65152,0.96970,0.84101,0.00002,0.15823,0.00074
8.74242,0.96970,0.74642,0.00000,0.25346,0.00012
8.83333,0.96970,0.41911,0.00000,0.57945,0.00144
8.92424,0.96970,0.14643,0.00000,0.85354,0.00003
9.01515,0.96970,0.17290,0.00000,0.82705,0.00005
9.10606,0.96970,0.00321,0.00000,0.99679,0.00000
9.19697,0.96970,0.00336,0.00000,0.99664,0.00000
9.28788,0.96970,0.00298,0.00000,0.99702,0.00000
9.37879,0.96970,0.01731,0.00000,0.98269,0.00000
9.46970,0.96970,0.04680,0.00000,0.95314,0.00006
9.56061,0.96970,0.88948,0.00005,0.11043,0.00004
9.65152,0.96970,0.97637,0.00011,0.02309,0.00042
9.74242,0.96970,0.99541,0.00018,0.00401,0.00040
9.83333,0.96970,0.99738,0.00033,0.00088,0.00140
9.92424,0.96970,0.99903,0.00010,0.00027,0.00060
10.01515,0.96970,0.99903,0.00020,0.00002,0.00074
10.10606,0.96970,0.98795,0.00005,0.00283,0.00917
10.19697,0.96970,0.99829,0.00016,0.00062,0.00093
10.28788,0.96970,0.99940,0.00055,0.00000,0.00005
10.37879,0.96970,0.99858,0.00011,0.00016,0.00114
10.46970,0.96970,0.98540,0.00056,0.00308,0.01096
10.56061,0.96970,0.99657,0.00036,0.00200,0.00107
10.65152,0.96970,0.99710,0.00035,0.00211,0.00044
10.74242,0.96970,0.99353,0.00013,0.00500,0.00134
10.83333,0.96970,0.99932,0.00019,0.00019,0.00029
10.92424,0.96970,0.99789,0.00022,0.00183,0.00007
11.01515,0.96970,0.99843,0.00034,0.00072,0.00051
11.10606,0.96970,0.99949,0.00029,0.00019,0.00003
11.19697,0.96970,0.99867,0.00112,0.00002,0.00019
11.28788,0.96970,0.86339,0.11153,0.00027,0.02481
11.37879,0.96970,0.89206,0.10379,0.00000,0.00415
11.46970,0.96970,0.62531,0.37309,0.00001,0.00159
11.56061,0.96970,0.93372,0.06617,0.00000,0.00012
11.65152,0.96970,0.17849,0.82117,0.00000,0.00034
11.74242,0.96970,0.83778,0.16211,0.00000,0.00011
11.83333,0.96970,0.05967,0.93828,0.00000,0.00205
11.92424,0.96970,0.66346,0.33644,0.00000,0.00010
12.01515,0.96970,0.26271,0.73710,0.00000,0.00019
12.10606,0.96970,0.98821,0.01144,0.00027,0.00007
12.19697,0.96970,0.99373,0.00574,0.00011,0.00043
12.28788,0.96970,0.99962,0.00023,0.00008,0.00008
12.37879,0.96970,0.99888,0.00108,0.00002,0.00002
12.46970,0.96970,0.99938,0.00021,0.00027,0.00015
12.56061,0.96970,0.99911,0.00021,0.00048,0.00021
12.65152,0.96970,0.99911,0.00021,0.00048,0.00021
12.74242,0.96970,0.99911,0.00021,0.00048,0.00021
12.83333,0.96970,0.99911,0.00021,0.00048,0.00021
12.92424,0.96970,0.99911,0.00021,0.00048,0.00021
13.01515,0.96970,0.99911,0.00021,0.00048,0.00021
13.10606,0.96970,0.99911,0.00021,0.00048,0.00021
13.19697,0.96970,0.99911,0.00021,0.00048,0.00021
13.28788,0.96970,0.99924,0.00025,0.00028,0.00023
13.37879,0.96970,0.99881,0.00040,0.00067,0.00012
13.46970,0.96970,0.98975,0.00922,0.00005,0.00097
13.56061,0.96970,0.98063,0.01930,0.00000,0.00007
13.65152,0.96970,0.79552,0.20233,0.00001,0.00214
13.74242,0.96970,0.07385,0.92611,0.00000,0.00004
13.83333,0.96970,0.32784,0.67211,0.00000,0.00005
13.92424,0.96970,0.03520,0.96480,0.00000,0.00000
14.01515,0.96970,0.28564,0.71435,0.00000,0.00001
14.10606,0.96970,0.06809,0.93191,0.00000,0.00000
14.19697,0.96970,0.17463,0.82536,0.00000,0.00002
14.28788,0.96970,0.08308,0.91691,0.00000,0.00001
14.37879,0.96970,0.93190,0.06805,0.00000,0.00005
14.46970,0.96970,0.90053,0.09947,0.00000,0.00001
14.56061,0.96970,0.99729,0.00241,0.00000,0.00029
14.65152,0.96970,0.99847,0.00148,0.00000,0.00005
14.74242,0.96970,0.99901,0.00098,0.00000,0.00001
14.83333,0.96970,0.99977,0.00018,0.00001,0.00004
14.92424,0.96970,0.99911,0.00021,0.00048,0.00021
15.01515,0.96970,0.99911,0.00021,0.00048,0.00021
15.10606,0.96970,0.99911,0.00021,0.00048,0.00021
15.19697,0.96970,0.99911,0.00021,0.00048,0.00021
15.28788,0.96970,0.99911,0.00021,0.00048,0.00021
15.37879,0.96970,0.99911,0.00021,0.00048,0.00021
15.46970,0.96970,0.99911,0.00021,0.00048,0.00021
