Time (seconds), Duration (seconds),pred_unlabelled,pred_left,pred_square,pred_circle,pred_right
0.01000,0.98000,0.94684,0.04114,0.00226,0.00554,0.00422
0.21000,0.98000,0.94643,0.04151,0.00228,0.00553,0.00425
0.41000,0.98000,0.94737,0.04059,0.00225,0.00557,0.00423
0.61000,0.98000,0.93111,0.05567,0.00302,0.00594,0.00427
0.81000,0.98000,0.37839,0.59155,0.01084,0.00365,0.01557
1.01000,0.98000,0.03788,0.94816,0.00573,0.00068,0.00755
1.21000,0.98000,0.00699,0.98553,0.00330,0.00018,0.00399
1.41000,0.98000,0.00171,0.99604,0.00092,0.00003,0.00130
1.61000,0.98000,0.01045,0.98721,0.00126,0.00012,0.00096
1.81000,0.98000,0.34240,0.64640,0.00432,0.00053,0.00635
2.01000,0.98000,0.88852,0.10466,0.00259,0.00196,0.00227
2.21000,0.98000,0.94952,0.03910,0.00206,0.00534,0.00398
2.41000,0.98000,0.94679,0.04126,0.00228,0.00544,0.00423
2.61000,0.98000,0.94708,0.04087,0.00226,0.00556,0.00423
2.81000,0.98000,0.94820,0.03976,0.00220,0.00564,0.00420
3.01000,0.98000,0.94570,0.04213,0.00228,0.00581,0.00409
3.21000,0.98000,0.95283,0.02330,0.00936,0.01070,0.00381
3.41000,0.98000,0.71991,0.02417,0.18633,0.05972,0.00987
3.61000,0.98000,0.00649,0.00174,0.98281,0.00616,0.00279
3.81000,0.98000,0.00241,0.00041,0.99554,0.00104,0.00060
4.01000,0.98000,0.00125,0.00038,0.99740,0.00032,0.00066
4.21000,0.98000,0.00271,0.00081,0.99488,0.00068,0.00093
4.41000,0.98000,0.00095,0.00033,0.99779,0.00059,0.00035
4.61000,0.98000,0.95877,0.00472,0.02957,0.00594,0.00101
4.81000,0.98000,0.98767,0.01004,0.00088,0.00061,0.00081
5.01000,0.98000,0.97051,0.02400,0.00198,0.00248,0.00103
5.21000,0.98000,0.97162,0.02410,0.00071,0.00207,0.00151
5.41000,0.98000,0.95082,0.03710,0.00184,0.00639,0.00386
5.61000,0.98000,0.95107,0.03627,0.00187,0.00679,0.00400
5.81000,0.98000,0.94968,0.03737,0.00188,0.00702,0.00406
6.01000,0.98000,0.94872,0.03851,0.00188,0.00691,0.00398
6.21000,0.98000,0.94842,0.03903,0.00188,0.00674,0.00392
6.41000,0.98000,0.94894,0.03572,0.00223,0.00918,0.00393
6.61000,0.98000,0.93972,0.01965,0.00460,0.03148,0.00455
6.81000,0.98000,0.12527,0.00688,0.00664,0.85527,0.00594
7.01000,0.98000,0.00747,0.00044,0.00304,0.98720,0.00185
7.21000,0.98000,0.01006,0.00069,0.00116,0.98663,0.00146
7.41000,0.98000,0.00358,0.00023,0.00045,0.99473,0.00100
7.61000,0.98000,0.04447,0.00118,0.00506,0.94569,0.00360
7.81000,0.98000,0.56343,0.00386,0.01001,0.40977,0.01293
8.01000,0.98000,0.96865,0.00570,0.00135,0.01887,0.00542
8.21000,0.98000,0.90820,0.02710,0.00194,0.05131,0.01145
8.41000,0.98000,0.96636,0.02433,0.00085,0.00494,0.00351
8.61000,0.98000,0.95212,0.03682,0.00199,0.00529,0.00378
8.81000,0.98000,0.94858,0.03875,0.00212,0.00637,0.00418
9.01000,0.98000,0.94944,0.03811,0.00208,0.00624,0.00412
9.21000,0.98000,0.94946,0.03817,0.00207,0.00620,0.00410
9.41000,0.98000,0.90392,0.07080,0.00514,0.00628,0.01386
9.61000,0.98000,0.75876,0.06870,0.00478,0.03233,0.13543
9.81000,0.98000,0.06731,0.01747,0.00343,0.01236,0.89943
10.01000,0.98000,0.00293,0.00149,0.00066,0.00169,0.99323
10.21000,0.98000,0.00585,0.00108,0.00054,0.00337,0.98917
10.41000,0.98000,0.00646,0.00701,0.00341,0.00126,0.98186
10.61000,0.98000,0.96797,0.02636,0.00133,0.00110,0.00323
10.81000,0.98000,0.97472,0.01622,0.00179,0.00434,0.00293
11.01000,0.98000,0.94938,0.02964,0.00340,0.01135,0.00623
11.21000,0.98000,0.94822,0.03150,0.00337,0.01083,0.00608
11.41000,0.98000,0.94567,0.03356,0.00352,0.01093,0.00632
11.61000,0.98000,0.94474,0.03414,0.00356,0.01119,0.00637
11.81000,0.98000,0.94454,0.03436,0.00357,0.01105,0.00648
12.01000,0.98000,0.94420,0.03432,0.00357,0.01134,0.00657
12.21000,0.98000,0.94293,0.03721,0.00338,0.01047,0.00601
12.41000,0.98000,0.45550,0.50020,0.01075,0.00803,0.02552
12.61000,0.98000,0.08458,0.88479,0.00945,0.00117,0.02000
12.81000,0.98000,0.01116,0.97889,0.00257,0.00039,0.00699
13.01000,0.98000,0.01219,0.97016,0.00236,0.00024,0.01505
13.21000,0.98000,0.03531,0.96255,0.00116,0.00014,0.00085
13.41000,0.98000,0.92738,0.05783,0.00108,0.00209,0.01162
13.61000,0.98000,0.98167,0.01665,0.00041,0.00073,0.00054
13.81000,0.98000,0.95097,0.03859,0.00197,0.00484,0.00363
14.01000,0.98000,0.94881,0.03927,0.00214,0.00566,0.00413
14.21000,0.98000,0.94929,0.03887,0.00211,0.00564,0.00409
14.41000,0.98000,0.94872,0.03914,0.00216,0.00581,0.00417
14.61000,0.98000,0.94874,0.03913,0.00216,0.00578,0.00418
14.81000,0.98000,0.95078,0.03628,0.00234,0.00649,0.00410
15.01000,0.98000,0.95215,0.02123,0.00997,0.01285,0.00380
15.21000,0.98000,0.51501,0.03323,0.38796,0.05172,0.01208
15.41000,0.98000,0.00432,0.00143,0.98803,0.00431,0.00191
15.61000,0.98000,0.00135,0.00043,0.99722,0.00051,0.00049
15.81000,0.98000,0.00232,0.00051,0.99566,0.00038,0.00113
16.01000,0.98000,0.00552,0.00151,0.99053,0.00094,0.00150
16.21000,0.98000,0.00149,0.00053,0.99667,0.00074,0.00056
16.41000,0.98000,0.07595,0.00307,0.91419,0.00592,0.00087
16.61000,0.98000,0.97589,0.01976,0.00258,0.00065,0.00112
16.81000,0.98000,0.97323,0.02081,0.00248,0.00250,0.00098
17.01000,0.98000,0.97751,0.01751,0.00100,0.00289,0.00110
17.21000,0.98000,0.94514,0.04146,0.00240,0.00644,0.00456
17.41000,0.98000,0.94934,0.03888,0.00207,0.00569,0.00402
17.61000,0.98000,0.94993,0.03828,0.00206,0.00572,0.00401
17.81000,0.98000,0.94936,0.03875,0.00207,0.00579,0.00403
18.01000,0.98000,0.95041,0.03630,0.00265,0.00686,0.00377
18.21000,0.98000,0.86466,0.02994,0.00798,0.09061,0.00681
18.41000,0.98000,0.14126,0.00792,0.00992,0.83303,0.00786
18.61000,0.98000,0.00893,0.00056,0.00216,0.98660,0.00175
18.81000,0.98000,0.00329,0.00019,0.00043,0.99540,0.00069
19.01000,0.98000,0.00371,0.00025,0.00056,0.99446,0.00102
19.21000,0.98000,0.00712,0.00037,0.00078,0.99028,0.00146
19.41000,0.98000,0.61739,0.00335,0.01627,0.34629,0.01669
19.61000,0.98000,0.98379,0.00491,0.00060,0.00627,0.00444
19.81000,0.98000,0.96724,0.01409,0.00099,0.01048,0.00720
20.01000,0.98000,0.97719,0.01640,0.00077,0.00298,0.00266
20.21000,0.98000,0.94728,0.04003,0.00239,0.00584,0.00447
20.41000,0.98000,0.94599,0.04140,0.00240,0.00579,0.00442
20.61000,0.98000,0.94724,0.04052,0.00233,0.00562,0.00430
20.81000,0.98000,0.88709,0.07828,0.00745,0.00679,0.02039
21.01000,0.98000,0.66245,0.06700,0.00781,0.03031,0.23243
21.21000,0.98000,0.03248,0.00956,0.00319,0.01273,0.94204
21.41000,0.98000,0.00231,0.00102,0.00130,0.00295,0.99241
21.61000,0.98000,0.00392,0.00098,0.00053,0.00167,0.99289
21.81000,0.98000,0.58217,0.16371,0.01196,0.00233,0.23983
22.01000,0.98000,0.95772,0.03756,0.00148,0.00098,0.00225
22.21000,0.98000,0.98128,0.01126,0.00158,0.00374,0.00213
22.41000,0.98000,0.95875,0.02153,0.00272,0.01125,0.00575
22.61000,0.98000,0.95350,0.02598,0.00318,0.01127,0.00606
