Time (seconds), Duration (seconds),pred_unlabelled,pred_left,pred_square,pred_circle,pred_right
0.01000,0.98000,0.95693,0.03803,0.00106,0.00182,0.00216
0.21000,0.98000,0.90877,0.07831,0.00292,0.00491,0.00509
0.41000,0.98000,0.54173,0.45334,0.00053,0.00111,0.00329
0.61000,0.98000,0.02204,0.97729,0.00006,0.00011,0.00050
0.81000,0.98000,0.00088,0.99909,0.00000,0.00001,0.00002
1.01000,0.98000,0.00023,0.99976,0.00000,0.00000,0.00001
1.21000,0.98000,0.00084,0.99914,0.00000,0.00000,0.00002
1.41000,0.98000,0.10952,0.88919,0.00008,0.00042,0.00079
1.61000,0.98000,0.91969,0.07824,0.00003,0.00024,0.00180
1.81000,0.98000,0.96886,0.02667,0.00185,0.00094,0.00168
2.01000,0.98000,0.96928,0.02584,0.00127,0.00168,0.00193
2.21000,0.98000,0.96879,0.02641,0.00126,0.00167,0.00188
2.41000,0.98000,0.96696,0.02810,0.00130,0.00177,0.00187
2.61000,0.98000,0.96730,0.02760,0.00135,0.00183,0.00192
2.81000,0.98000,0.96552,0.01563,0.00852,0.00435,0.00598
3.01000,0.98000,0.95846,0.00666,0.02800,0.00490,0.00197
3.21000,0.98000,0.15168,0.00303,0.84410,0.00055,0.00064
3.41000,0.98000,0.00246,0.00010,0.99725,0.00008,0.00011
3.61000,0.98000,0.00076,0.00006,0.99916,0.00000,0.00001
3.81000,0.98000,0.00330,0.00012,0.99650,0.00000,0.00008
4.01000,0.98000,0.25418,0.00031,0.74234,0.00009,0.00308
4.21000,0.98000,0.97580,0.00021,0.02290,0.00008,0.00102
4.41000,0.98000,0.99936,0.00020,0.00017,0.00010,0.00017
4.61000,0.98000,0.99692,0.00172,0.00053,0.00026,0.00058
4.81000,0.98000,0.98533,0.01304,0.00023,0.00052,0.00088
5.01000,0.98000,0.96995,0.02535,0.00121,0.00163,0.00186
5.21000,0.98000,0.97231,0.02329,0.00117,0.00154,0.00170
5.41000,0.98000,0.97153,0.02386,0.00121,0.00164,0.00176
5.61000,0.98000,0.96415,0.01430,0.01085,0.00647,0.00423
5.81000,0.98000,0.96497,0.00338,0.00268,0.02667,0.00231
6.01000,0.98000,0.06926,0.00061,0.00167,0.92801,0.00046
6.21000,0.98000,0.03209,0.00029,0.00071,0.96679,0.00012
6.41000,0.98000,0.00136,0.00002,0.00006,0.99855,0.00001
6.61000,0.98000,0.01406,0.00020,0.00068,0.98492,0.00014
6.81000,0.98000,0.92282,0.00102,0.00174,0.07249,0.00191
7.01000,0.98000,0.99435,0.00097,0.00057,0.00357,0.00054
7.21000,0.98000,0.99853,0.00044,0.00036,0.00011,0.00056
7.41000,0.98000,0.97654,0.01716,0.00216,0.00150,0.00264
7.61000,0.98000,0.96831,0.02665,0.00130,0.00177,0.00197
7.81000,0.98000,0.96817,0.02692,0.00128,0.00171,0.00193
8.01000,0.98000,0.96760,0.02738,0.00131,0.00177,0.00194
8.21000,0.98000,0.97572,0.02315,0.00035,0.00036,0.00042
8.41000,0.98000,0.93876,0.00635,0.00160,0.00094,0.05236
8.61000,0.98000,0.12390,0.00151,0.00041,0.00018,0.87400
8.81000,0.98000,0.00285,0.00003,0.00003,0.00002,0.99706
9.01000,0.98000,0.01059,0.00001,0.00001,0.00001,0.98939
9.21000,0.98000,0.12667,0.00030,0.00016,0.00005,0.87281
9.41000,0.98000,0.97963,0.00330,0.00008,0.00046,0.01652
9.61000,0.98000,0.99301,0.00412,0.00088,0.00069,0.00130
9.81000,0.98000,0.98831,0.00934,0.00071,0.00077,0.00087
10.01000,0.98000,0.98667,0.01090,0.00071,0.00081,0.00092
10.21000,0.98000,0.98609,0.01137,0.00074,0.00082,0.00098
10.41000,0.98000,0.98507,0.01232,0.00075,0.00085,0.00100
10.61000,0.98000,0.92648,0.06689,0.00140,0.00292,0.00231
10.81000,0.98000,0.91403,0.07543,0.00007,0.00049,0.00998
11.01000,0.98000,0.65000,0.34853,0.00000,0.00003,0.00144
11.21000,0.98000,0.01659,0.98271,0.00000,0.00004,0.00066
11.41000,0.98000,0.26054,0.73656,0.00000,0.00002,0.00287
11.61000,0.98000,0.11908,0.88051,0.00000,0.00007,0.00034
11.81000,0.98000,0.97680,0.02158,0.00001,0.00006,0.00155
12.01000,0.98000,0.99202,0.00656,0.00022,0.00036,0.00084
12.21000,0.98000,0.97515,0.02031,0.00117,0.00151,0.00185
12.41000,0.98000,0.97272,0.02270,0.00124,0.00161,0.00174
12.61000,0.98000,0.97018,0.02521,0.00122,0.00164,0.00175
12.81000,0.98000,0.96926,0.02588,0.00128,0.00175,0.00183
13.01000,0.98000,0.97542,0.01648,0.00314,0.00239,0.00257
13.21000,0.98000,0.97629,0.00575,0.01364,0.00321,0.00112
13.41000,0.98000,0.02335,0.00055,0.97422,0.00045,0.00143
13.61000,0.98000,0.01409,0.00019,0.98551,0.00007,0.00015
13.81000,0.98000,0.00048,0.00000,0.99941,0.00001,0.00010
14.01000,0.98000,0.00241,0.00006,0.99748,0.00000,0.00004
14.21000,0.98000,0.00254,0.00010,0.99722,0.00009,0.00005
14.41000,0.98000,0.54732,0.00058,0.43857,0.00279,0.01074
14.61000,0.98000,0.98028,0.00114,0.01727,0.00070,0.00061
14.81000,0.98000,0.98848,0.00201,0.00606,0.00103,0.00242
15.01000,0.98000,0.99522,0.00329,0.00029,0.00035,0.00085
15.21000,0.98000,0.97109,0.02437,0.00123,0.00144,0.00187
15.41000,0.98000,0.97634,0.01977,0.00105,0.00128,0.00157
15.61000,0.98000,0.97753,0.01872,0.00099,0.00125,0.00150
15.81000,0.98000,0.98213,0.01316,0.00122,0.00173,0.00176
16.01000,0.98000,0.98051,0.00609,0.00374,0.00803,0.00163
16.21000,0.98000,0.88934,0.00331,0.00254,0.10367,0.00114
16.41000,0.98000,0.01461,0.00040,0.00121,0.98370,0.00008
16.61000,0.98000,0.01653,0.00040,0.00029,0.98263,0.00014
16.81000,0.98000,0.00656,0.00007,0.00005,0.99329,0.00003
17.01000,0.98000,0.38570,0.00181,0.00065,0.61160,0.00024
17.21000,0.98000,0.97905,0.00047,0.00028,0.01994,0.00027
17.41000,0.98000,0.99374,0.00157,0.00098,0.00216,0.00154
17.61000,0.98000,0.99482,0.00406,0.00036,0.00033,0.00043
17.81000,0.98000,0.97608,0.01987,0.00105,0.00130,0.00171
18.01000,0.98000,0.97329,0.02255,0.00112,0.00137,0.00167
18.21000,0.98000,0.97352,0.02234,0.00108,0.00139,0.00166
18.41000,0.98000,0.97540,0.02052,0.00109,0.00139,0.00160
18.61000,0.98000,0.97811,0.02083,0.00033,0.00031,0.00042
18.81000,0.98000,0.45963,0.00142,0.00343,0.00100,0.53452
19.01000,0.98000,0.05639,0.00012,0.00011,0.00007,0.94331
19.21000,0.98000,0.03720,0.00001,0.00002,0.00001,0.96277
19.41000,0.98000,0.01080,0.00000,0.00001,0.00000,0.98919
19.61000,0.98000,0.83303,0.00006,0.00003,0.00004,0.16684
19.81000,0.98000,0.98735,0.00008,0.00024,0.00011,0.01222
20.01000,0.98000,0.99392,0.00052,0.00238,0.00130,0.00187
20.21000,0.98000,0.99347,0.00061,0.00256,0.00143,0.00192
