Time (seconds), Duration (seconds),pred_unlabelled,pred_left,pred_square,pred_circle,pred_right
0.01000,0.98000,0.98834,0.01077,0.00007,0.00020,0.00061
0.21000,0.98000,0.98859,0.01057,0.00007,0.00019,0.00058
0.41000,0.98000,0.98769,0.01144,0.00008,0.00021,0.00057
0.61000,0.98000,0.96244,0.03635,0.00002,0.00003,0.00117
0.81000,0.98000,0.15703,0.74509,0.00023,0.00030,0.09735
1.01000,0.98000,0.01497,0.98314,0.00000,0.00001,0.00187
1.21000,0.98000,0.00981,0.94618,0.00002,0.00019,0.04380
1.41000,0.98000,0.02066,0.97729,0.00000,0.00002,0.00202
1.61000,0.98000,0.82834,0.16951,0.00019,0.00076,0.00120
1.81000,0.98000,0.60418,0.33044,0.00149,0.00292,0.06097
2.01000,0.98000,0.96304,0.03318,0.00075,0.00100,0.00203
2.21000,0.98000,0.96645,0.02765,0.00089,0.00239,0.00261
2.41000,0.98000,0.96600,0.02798,0.00085,0.00249,0.00268
2.61000,0.98000,0.96971,0.02357,0.00091,0.00299,0.00282
2.81000,0.98000,0.97577,0.01507,0.00124,0.00431,0.00361
3.01000,0.98000,0.93792,0.00668,0.04768,0.00449,0.00323
3.21000,0.98000,0.57682,0.00574,0.41030,0.00174,0.00540
3.41000,0.98000,0.00025,0.00001,0.99972,0.00001,0.00001
3.61000,0.98000,0.00169,0.00002,0.99827,0.00000,0.00002
3.81000,0.98000,0.00001,0.00000,0.99999,0.00000,0.00000
4.01000,0.98000,0.00083,0.00003,0.99911,0.00001,0.00002
4.21000,0.98000,0.00052,0.00002,0.99939,0.00002,0.00004
4.41000,0.98000,0.77386,0.00591,0.21608,0.00069,0.00347
4.61000,0.98000,0.97454,0.00781,0.01472,0.00115,0.00179
4.81000,0.98000,0.98952,0.00725,0.00073,0.00153,0.00096
5.01000,0.98000,0.98786,0.00791,0.00052,0.00162,0.00209
5.21000,0.98000,0.96911,0.02175,0.00102,0.00484,0.00328
5.41000,0.98000,0.97003,0.02116,0.00097,0.00466,0.00318
5.61000,0.98000,0.97000,0.02135,0.00096,0.00452,0.00317
5.81000,0.98000,0.97047,0.02084,0.00095,0.00452,0.00322
6.01000,0.98000,0.97017,0.02100,0.00100,0.00462,0.00322
6.21000,0.98000,0.93069,0.02977,0.00413,0.03080,0.00462
6.41000,0.98000,0.78289,0.00190,0.00707,0.19384,0.01429
6.61000,0.98000,0.02471,0.00006,0.00075,0.97389,0.00059
6.81000,0.98000,0.00264,0.00002,0.00093,0.99394,0.00247
7.01000,0.98000,0.00312,0.00000,0.00015,0.99626,0.00047
7.21000,0.98000,0.00103,0.00000,0.00021,0.99866,0.00009
7.41000,0.98000,0.57203,0.00008,0.00326,0.41510,0.00954
7.61000,0.98000,0.97879,0.00083,0.00092,0.01909,0.00037
7.81000,0.98000,0.98949,0.00207,0.00033,0.00750,0.00061
8.01000,0.98000,0.99647,0.00197,0.00013,0.00075,0.00068
8.21000,0.98000,0.97045,0.02310,0.00053,0.00333,0.00259
8.41000,0.98000,0.96767,0.02437,0.00071,0.00430,0.00295
8.61000,0.98000,0.96490,0.03105,0.00056,0.00221,0.00128
8.81000,0.98000,0.93030,0.01044,0.00310,0.00945,0.04671
9.01000,0.98000,0.35942,0.00477,0.00676,0.02294,0.60612
9.21000,0.98000,0.00061,0.00005,0.00022,0.00021,0.99891
9.41000,0.98000,0.00012,0.00002,0.00007,0.00007,0.99973
9.61000,0.98000,0.00115,0.00004,0.00008,0.00008,0.99864
9.81000,0.98000,0.04855,0.00217,0.00040,0.00046,0.94841
10.01000,0.98000,0.96670,0.03204,0.00009,0.00025,0.00091
10.21000,0.98000,0.98001,0.01458,0.00042,0.00296,0.00204
10.41000,0.98000,0.97765,0.01572,0.00046,0.00384,0.00233
10.61000,0.98000,0.97708,0.01593,0.00051,0.00403,0.00245
10.81000,0.98000,0.97807,0.01529,0.00052,0.00363,0.00249
11.01000,0.98000,0.97359,0.02010,0.00038,0.00322,0.00271
11.21000,0.98000,0.85093,0.14383,0.00007,0.00033,0.00484
11.41000,0.98000,0.03934,0.96031,0.00003,0.00003,0.00029
11.61000,0.98000,0.00965,0.98779,0.00002,0.00026,0.00227
11.81000,0.98000,0.00084,0.99902,0.00000,0.00001,0.00013
12.01000,0.98000,0.00439,0.99552,0.00001,0.00003,0.00005
12.21000,0.98000,0.68815,0.29421,0.00058,0.01084,0.00622
12.41000,0.98000,0.82216,0.15549,0.00163,0.01313,0.00759
12.61000,0.98000,0.97228,0.02047,0.00088,0.00351,0.00286
12.81000,0.98000,0.97035,0.02046,0.00102,0.00491,0.00326
13.01000,0.98000,0.97026,0.01979,0.00105,0.00548,0.00342
13.21000,0.98000,0.97165,0.01758,0.00106,0.00615,0.00356
13.41000,0.98000,0.97831,0.00854,0.00730,0.00282,0.00303
13.61000,0.98000,0.67330,0.00232,0.32261,0.00016,0.00160
13.81000,0.98000,0.00633,0.00003,0.99319,0.00002,0.00043
14.01000,0.98000,0.00004,0.00000,0.99996,0.00000,0.00000
14.21000,0.98000,0.00021,0.00000,0.99978,0.00000,0.00001
14.41000,0.98000,0.00017,0.00002,0.99976,0.00000,0.00005
14.61000,0.98000,0.00012,0.00001,0.99965,0.00015,0.00007
14.81000,0.98000,0.17783,0.00605,0.81412,0.00072,0.00128
15.01000,0.98000,0.85497,0.01341,0.11693,0.00562,0.00906
15.21000,0.98000,0.97926,0.01568,0.00208,0.00199,0.00099
15.41000,0.98000,0.99186,0.00580,0.00035,0.00098,0.00101
15.61000,0.98000,0.97187,0.02037,0.00103,0.00378,0.00295
15.81000,0.98000,0.97155,0.01977,0.00098,0.00454,0.00317
16.01000,0.98000,0.97857,0.01111,0.00114,0.00509,0.00408
16.21000,0.98000,0.93802,0.00669,0.00599,0.04168,0.00762
16.41000,0.98000,0.09883,0.00168,0.00315,0.89522,0.00113
16.61000,0.98000,0.00358,0.00043,0.00054,0.99536,0.00010
16.81000,0.98000,0.00066,0.00017,0.00041,0.99867,0.00008
17.01000,0.98000,0.00148,0.00018,0.00025,0.99801,0.00009
17.21000,0.98000,0.00290,0.00002,0.00162,0.99528,0.00017
17.41000,0.98000,0.04338,0.00023,0.01465,0.93848,0.00326
17.61000,0.98000,0.89926,0.00203,0.01700,0.07986,0.00185
17.81000,0.98000,0.95581,0.00238,0.00325,0.03459,0.00396
18.01000,0.98000,0.99150,0.00197,0.00076,0.00480,0.00097
18.21000,0.98000,0.99143,0.00239,0.00033,0.00206,0.00379
18.41000,0.98000,0.96572,0.01487,0.00113,0.01338,0.00490
18.61000,0.98000,0.94827,0.02569,0.00099,0.00921,0.01584
18.81000,0.98000,0.57960,0.00632,0.00241,0.00592,0.40574
19.01000,0.98000,0.02240,0.00109,0.00029,0.00020,0.97602
19.21000,0.98000,0.00028,0.00015,0.00006,0.00003,0.99949
19.41000,0.98000,0.00126,0.00007,0.00010,0.00012,0.99845
19.61000,0.98000,0.42440,0.06943,0.00058,0.00115,0.50443
19.81000,0.98000,0.81483,0.17970,0.00026,0.00071,0.00449
20.01000,0.98000,0.97327,0.01495,0.00096,0.00691,0.00392
20.21000,0.98000,0.97062,0.01705,0.00100,0.00764,0.00369
