Time (seconds), Duration (seconds),pred_unlabelled,pred_left,pred_square,pred_circle,pred_right
0.01000,0.98000,0.95535,0.02662,0.00237,0.00457,0.01108
0.21000,0.98000,0.95536,0.02660,0.00238,0.00458,0.01109
0.41000,0.98000,0.95468,0.02736,0.00236,0.00445,0.01115
0.61000,0.98000,0.66191,0.27538,0.01063,0.02049,0.03158
0.81000,0.98000,0.12639,0.80802,0.00611,0.00810,0.05138
1.01000,0.98000,0.01057,0.98754,0.00073,0.00017,0.00099
1.21000,0.98000,0.00306,0.99418,0.00031,0.00014,0.00230
1.41000,0.98000,0.00422,0.99475,0.00015,0.00014,0.00075
1.61000,0.98000,0.06216,0.93097,0.00109,0.00131,0.00447
1.81000,0.98000,0.87689,0.09130,0.00723,0.00120,0.02338
2.01000,0.98000,0.93807,0.00852,0.00867,0.01772,0.02703
2.21000,0.98000,0.94576,0.01448,0.00708,0.01830,0.01438
2.41000,0.98000,0.94759,0.01458,0.00653,0.01662,0.01468
2.61000,0.98000,0.94995,0.01536,0.00588,0.01474,0.01408
2.81000,0.98000,0.95185,0.01572,0.00547,0.01337,0.01359
3.01000,0.98000,0.91764,0.02421,0.01206,0.02487,0.02122
3.21000,0.98000,0.91075,0.00336,0.04121,0.01402,0.03065
3.41000,0.98000,0.42062,0.00249,0.53767,0.00989,0.02933
3.61000,0.98000,0.00231,0.00002,0.99514,0.00014,0.00239
3.81000,0.98000,0.00280,0.00007,0.99636,0.00006,0.00071
4.01000,0.98000,0.00102,0.00005,0.99796,0.00002,0.00096
4.21000,0.98000,0.01180,0.00022,0.98631,0.00077,0.00090
4.41000,0.98000,0.13741,0.00276,0.83679,0.01917,0.00386
4.61000,0.98000,0.87492,0.00417,0.06408,0.03174,0.02509
4.81000,0.98000,0.92490,0.01798,0.01967,0.03026,0.00719
5.01000,0.98000,0.95128,0.01509,0.00612,0.01344,0.01407
5.21000,0.98000,0.95319,0.02456,0.00267,0.00576,0.01382
5.41000,0.98000,0.95378,0.02627,0.00258,0.00512,0.01225
5.61000,0.98000,0.95230,0.02764,0.00262,0.00518,0.01227
5.81000,0.98000,0.95320,0.02667,0.00264,0.00514,0.01235
6.01000,0.98000,0.93199,0.03840,0.00436,0.00735,0.01789
6.21000,0.98000,0.87533,0.01646,0.01417,0.06646,0.02758
6.41000,0.98000,0.06579,0.00145,0.00332,0.92655,0.00289
6.61000,0.98000,0.00530,0.00040,0.00099,0.99263,0.00067
6.81000,0.98000,0.00106,0.00010,0.00013,0.99861,0.00011
7.01000,0.98000,0.00138,0.00005,0.00017,0.99832,0.00008
7.21000,0.98000,0.00403,0.00006,0.00021,0.99550,0.00019
7.41000,0.98000,0.33885,0.00133,0.00644,0.64653,0.00685
7.61000,0.98000,0.88384,0.00357,0.00916,0.08706,0.01636
7.81000,0.98000,0.93655,0.00973,0.01313,0.01886,0.02174
8.01000,0.98000,0.94537,0.02646,0.00403,0.00673,0.01740
8.21000,0.98000,0.95581,0.02534,0.00250,0.00508,0.01127
8.41000,0.98000,0.95215,0.02639,0.00307,0.00638,0.01200
8.61000,0.98000,0.94621,0.02689,0.00479,0.00991,0.01220
8.81000,0.98000,0.92778,0.03934,0.01243,0.01014,0.01031
9.01000,0.98000,0.64722,0.01462,0.01580,0.02478,0.29758
9.21000,0.98000,0.07575,0.00736,0.00206,0.02051,0.89433
9.41000,0.98000,0.00092,0.00026,0.00015,0.00004,0.99863
9.61000,0.98000,0.00196,0.00022,0.00009,0.00004,0.99769
9.81000,0.98000,0.01626,0.00462,0.00110,0.00027,0.97775
10.01000,0.98000,0.51157,0.09004,0.00371,0.00213,0.39255
10.21000,0.98000,0.92689,0.05009,0.00320,0.00359,0.01623
10.41000,0.98000,0.94981,0.03397,0.00250,0.00360,0.01012
10.61000,0.98000,0.94989,0.03396,0.00248,0.00361,0.01006
10.81000,0.98000,0.94983,0.03390,0.00248,0.00365,0.01014
11.01000,0.98000,0.94995,0.03386,0.00247,0.00364,0.01008
11.21000,0.98000,0.95022,0.03354,0.00247,0.00365,0.01011
11.41000,0.98000,0.94996,0.03381,0.00247,0.00366,0.01010
11.61000,0.98000,0.95005,0.03366,0.00249,0.00367,0.01012
11.81000,0.98000,0.79427,0.18054,0.00523,0.01037,0.00960
12.01000,0.98000,0.13843,0.83112,0.00513,0.00253,0.02278
12.21000,0.98000,0.01526,0.98428,0.00011,0.00006,0.00029
12.41000,0.98000,0.00198,0.99776,0.00003,0.00003,0.00020
12.61000,0.98000,0.00835,0.99111,0.00003,0.00001,0.00051
12.81000,0.98000,0.06355,0.93587,0.00033,0.00005,0.00021
13.01000,0.98000,0.95548,0.03609,0.00095,0.00038,0.00710
13.21000,0.98000,0.94343,0.04002,0.00403,0.00308,0.00946
13.41000,0.98000,0.94624,0.03914,0.00226,0.00298,0.00938
13.61000,0.98000,0.94536,0.04164,0.00209,0.00272,0.00819
13.81000,0.98000,0.94560,0.04160,0.00201,0.00259,0.00819
14.01000,0.98000,0.94583,0.04145,0.00188,0.00257,0.00827
14.21000,0.98000,0.94663,0.04107,0.00179,0.00257,0.00795
14.41000,0.98000,0.93439,0.05167,0.00234,0.00251,0.00909
14.61000,0.98000,0.91185,0.00990,0.04672,0.00373,0.02779
14.81000,0.98000,0.51595,0.01361,0.45495,0.00404,0.01146
15.01000,0.98000,0.00113,0.00006,0.99799,0.00007,0.00075
15.21000,0.98000,0.00256,0.00008,0.99717,0.00003,0.00017
15.41000,0.98000,0.00016,0.00006,0.99968,0.00001,0.00010
15.61000,0.98000,0.00497,0.00041,0.99407,0.00006,0.00050
15.81000,0.98000,0.00496,0.00015,0.99358,0.00085,0.00045
16.01000,0.98000,0.40849,0.01406,0.56484,0.00450,0.00812
16.21000,0.98000,0.87434,0.00582,0.09714,0.01340,0.00929
16.41000,0.98000,0.95835,0.01178,0.01386,0.01096,0.00506
16.61000,0.98000,0.94011,0.02784,0.00329,0.00821,0.02055
16.81000,0.98000,0.95468,0.02623,0.00246,0.00481,0.01181
17.01000,0.98000,0.95424,0.02694,0.00246,0.00472,0.01163
17.21000,0.98000,0.95393,0.02697,0.00251,0.00470,0.01189
17.41000,0.98000,0.95461,0.02765,0.00243,0.00440,0.01090
17.61000,0.98000,0.91055,0.02934,0.01216,0.02760,0.02035
17.81000,0.98000,0.78026,0.01385,0.01959,0.15802,0.02827
18.01000,0.98000,0.03226,0.00191,0.00338,0.96066,0.00179
18.21000,0.98000,0.00423,0.00030,0.00074,0.99408,0.00064
18.41000,0.98000,0.00205,0.00004,0.00016,0.99765,0.00011
18.61000,0.98000,0.00127,0.00002,0.00008,0.99857,0.00006
18.81000,0.98000,0.04505,0.00080,0.00126,0.95046,0.00242
19.01000,0.98000,0.67350,0.00650,0.01123,0.29626,0.01251
19.21000,0.98000,0.91790,0.01159,0.00849,0.04132,0.02071
19.41000,0.98000,0.93275,0.03914,0.00617,0.00647,0.01547
19.61000,0.98000,0.93926,0.04568,0.00267,0.00276,0.00962
19.81000,0.98000,0.94952,0.03583,0.00224,0.00306,0.00935
20.01000,0.98000,0.94933,0.03615,0.00227,0.00307,0.00918
20.21000,0.98000,0.94442,0.03881,0.00269,0.00403,0.01006
20.41000,0.98000,0.91803,0.06907,0.00346,0.00190,0.00753
20.61000,0.98000,0.62647,0.09023,0.01314,0.00250,0.26765
20.81000,0.98000,0.05631,0.00514,0.00081,0.00033,0.93741
21.01000,0.98000,0.00283,0.00088,0.00050,0.00003,0.99576
21.21000,0.98000,0.02307,0.00061,0.00116,0.00038,0.97478
21.41000,0.98000,0.04784,0.00352,0.00435,0.00363,0.94065
21.61000,0.98000,0.85562,0.07553,0.02727,0.02005,0.02153
21.81000,0.98000,0.81942,0.00567,0.02490,0.12711,0.02290
22.01000,0.98000,0.84191,0.00676,0.02349,0.10515,0.02270
22.21000,0.98000,0.84639,0.00685,0.02334,0.10170,0.02173
