Time (seconds), Duration (seconds),pred_unlabelled,pred_click,pred_right,pred_left
0.01515,0.96970,0.99894,0.00039,0.00062,0.00005
0.10606,0.96970,0.99894,0.00039,0.00062,0.00005
0.19697,0.96970,0.99894,0.00039,0.00062,0.00005
0.28788,0.96970,0.99894,0.00039,0.00062,0.00005
0.37879,0.96970,0.99878,0.00048,0.00068,0.00006
0.46970,0.96970,0.88944,0.10798,0.00109,0.00149
0.56061,0.96970,0.49882,0.49155,0.00084,0.00879
0.65152,0.96970,0.32818,0.66602,0.00071,0.00508
0.74242,0.96970,0.07085,0.92783,0.00019,0.00113
0.83333,0.96970,0.01697,0.98281,0.00004,0.00017
0.92424,0.96970,0.01295,0.98685,0.00002,0.00018
1.01515,0.96970,0.00476,0.99519,0.00001,0.00004
1.10606,0.96970,0.00419,0.99579,0.00001,0.00002
1.19697,0.96970,0.00797,0.99199,0.00002,0.00002
1.28788,0.96970,0.00773,0.99224,0.00002,0.00001
1.37879,0.96970,0.04328,0.95655,0.00011,0.00006
1.46970,0.96970,0.03854,0.96127,0.00014,0.00004
1.56061,0.96970,0.89004,0.10897,0.00076,0.00024
1.65152,0.96970,0.98763,0.01179,0.00047,0.00011
1.74242,0.96970,0.99794,0.00119,0.00074,0.00013
1.83333,0.96970,0.99838,0.00087,0.00066,0.00009
1.92424,0.96970,0.99907,0.00032,0.00055,0.00006
2.01515,0.96970,0.99894,0.00039,0.00062,0.00005
2.10606,0.96970,0.99894,0.00039,0.00062,0.00005
2.19697,0.96970,0.99894,0.00039,0.00062,0.00005
2.28788,0.96970,0.99894,0.00039,0.00062,0.00005
2.37879,0.96970,0.99894,0.00039,0.00062,0.00005
2.46970,0.96970,0.99894,0.00039,0.00062,0.00005
2.56061,0.96970,0.99894,0.00039,0.00062,0.00005
2.65152,0.96970,0.99894,0.00039,0.00062,0.00005
2.74242,0.96970,0.99894,0.00039,0.00062,0.00005
2.83333,0.96970,0.99894,0.00039,0.00062,0.00005
2.92424,0.96970,0.99894,0.00039,0.00062,0.00005
3.01515,0.96970,0.99894,0.00039,0.00062,0.00005
3.10606,0.96970,0.99894,0.00039,0.00062,0.00005
3.19697,0.96970,0.99894,0.00039,0.00062,0.00005
3.28788,0.96970,0.99894,0.00039,0.00062,0.00005
3.37879,0.96970,0.99894,0.00039,0.00062,0.00005
3.46970,0.96970,0.99894,0.00039,0.00062,0.00005
3.56061,0.96970,0.99894,0.00039,0.00062,0.00005
3.65152,0.96970,0.99894,0.00039,0.00062,0.00005
3.74242,0.96970,0.99848,0.00067,0.00080,0.00005
3.83333,0.96970,0.25637,0.00083,0.74042,0.00238
3.92424,0.96970,0.32965,0.00065,0.66629,0.00341
4.01515,0.96970,0.03505,0.00012,0.96366,0.00117
4.10606,0.96970,0.01370,0.00007,0.98571,0.00052
4.19697,0.96970,0.01087,0.00012,0.98780,0.00121
4.28788,0.96970,0.00211,0.00001,0.99766,0.00021
4.37879,0.96970,0.00354,0.00002,0.99606,0.00038
4.46970,0.96970,0.00637,0.00006,0.99294,0.00063
4.56061,0.96970,0.01186,0.00015,0.98694,0.00105
4.65152,0.96970,0.07742,0.00059,0.91710,0.00489
4.74242,0.96970,0.05878,0.00133,0.93705,0.00284
4.83333,0.96970,0.93258,0.00364,0.06144,0.00234
4.92424,0.96970,0.95447,0.00609,0.03803,0.00141
5.01515,0.96970,0.99814,0.00012,0.00147,0.00027
5.10606,0.96970,0.99908,0.00033,0.00053,0.00006
5.19697,0.96970,0.99894,0.00039,0.00062,0.00005
5.28788,0.96970,0.99894,0.00039,0.00062,0.00005
5.37879,0.96970,0.99894,0.00039,0.00062,0.00005
5.46970,0.96970,0.99894,0.00039,0.00062,0.00005
5.56061,0.96970,0.99894,0.00039,0.00062,0.00005
5.65152,0.96970,0.99894,0.00039,0.00062,0.00005
5.74242,0.96970,0.99894,0.00039,0.00062,0.00005
5.83333,0.96970,0.99894,0.00039,0.00062,0.00005
5.92424,0.96970,0.99894,0.00039,0.00062,0.00005
6.01515,0.96970,0.98862,0.00226,0.00334,0.00578
6.10606,0.96970,0.95845,0.00481,0.01023,0.02651
6.19697,0.96970,0.10182,0.00403,0.00182,0.89233
6.28788,0.96970,0.05856,0.00696,0.00154,0.93294
6.37879,0.96970,0.00402,0.00065,0.00023,0.99510
6.46970,0.96970,0.00182,0.00021,0.00010,0.99786
6.56061,0.96970,0.00145,0.00007,0.00009,0.99839
6.65152,0.96970,0.00131,0.00006,0.00005,0.99859
6.74242,0.96970,0.01034,0.00007,0.00022,0.98938
6.83333,0.96970,0.05107,0.00012,0.00089,0.94792
6.92424,0.96970,0.07392,0.00012,0.00033,0.92563
7.01515,0.96970,0.96923,0.00020,0.01517,0.01541
7.10606,0.96970,0.99518,0.00004,0.00213,0.00265
7.19697,0.96970,0.99788,0.00003,0.00062,0.00146
7.28788,0.96970,0.99930,0.00020,0.00040,0.00010
7.37879,0.96970,0.99894,0.00039,0.00062,0.00005
7.46970,0.96970,0.99894,0.00039,0.00062,0.00005
7.56061,0.96970,0.99894,0.00039,0.00062,0.00005
7.65152,0.96970,0.99894,0.00039,0.00062,0.00005
7.74242,0.96970,0.99894,0.00039,0.00062,0.00005
7.83333,0.96970,0.99894,0.00039,0.00062,0.00005
7.92424,0.96970,0.99894,0.00039,0.00062,0.00005
8.01515,0.96970,0.99894,0.00039,0.00062,0.00005
8.10606,0.96970,0.99894,0.00039,0.00062,0.00005
8.19697,0.96970,0.97087,0.00095,0.02799,0.00019
8.28788,0.96970,0.29005,0.00070,0.70671,0.00254
8.37879,0.96970,0.33950,0.00059,0.65574,0.00417
8.46970,0.96970,0.05338,0.00011,0.94470,0.00182
8.56061,0.96970,0.01529,0.00027,0.98360,0.00085
8.65152,0.96970,0.00931,0.00007,0.98902,0.00160
8.74242,0.96970,0.00427,0.00008,0.99538,0.00027
8.83333,0.96970,0.00557,0.00005,0.99394,0.00044
8.92424,0.96970,0.01102,0.00039,0.98767,0.00092
9.01515,0.96970,0.01996,0.00027,0.97757,0.00220
9.10606,0.96970,0.09328,0.02381,0.88042,0.00249
9.19697,0.96970,0.70974,0.00445,0.27908,0.00673
9.28788,0.96970,0.82733,0.17165,0.00066,0.00036
9.37879,0.96970,0.99771,0.00128,0.00081,0.00021
9.46970,0.96970,0.99800,0.00034,0.00144,0.00021
9.56061,0.96970,0.99894,0.00039,0.00062,0.00005
9.65152,0.96970,0.99894,0.00039,0.00062,0.00005
9.74242,0.96970,0.99894,0.00039,0.00062,0.00005
9.83333,0.96970,0.99894,0.00039,0.00062,0.00005
9.92424,0.96970,0.99894,0.00039,0.00062,0.00005
10.01515,0.96970,0.99894,0.00039,0.00062,0.00005
10.10606,0.96970,0.99894,0.00039,0.00062,0.00005
10.19697,0.96970,0.99894,0.00039,0.00062,0.00005
10.28788,0.96970,0.99894,0.00039,0.00062,0.00005
10.37879,0.96970,0.99894,0.00039,0.00062,0.00005
10.46970,0.96970,0.99894,0.00039,0.00062,0.00005
10.56061,0.96970,0.99557,0.00114,0.00222,0.00107
10.65152,0.96970,0.95616,0.00500,0.00892,0.02992
10.74242,0.96970,0.10414,0.00279,0.00315,0.88993
10.83333,0.96970,0.01928,0.00097,0.00125,0.97851
10.92424,0.96970,0.03038,0.00056,0.00592,0.96314
11.01515,0.96970,0.00500,0.00015,0.00075,0.99410
11.10606,0.96970,0.00592,0.00009,0.00121,0.99277
11.19697,0.96970,0.00365,0.00004,0.00055,0.99576
11.28788,0.96970,0.00625,0.00002,0.00111,0.99263
11.37879,0.96970,0.01462,0.00002,0.00219,0.98317
11.46970,0.96970,0.68044,0.00011,0.23008,0.08937
11.56061,0.96970,0.85993,0.00008,0.01922,0.12076
11.65152,0.96970,0.98035,0.00006,0.01051,0.00908
11.74242,0.96970,0.98950,0.00006,0.00730,0.00314
11.83333,0.96970,0.99799,0.00004,0.00062,0.00135
11.92424,0.96970,0.99899,0.00025,0.00062,0.00014
12.01515,0.96970,0.99894,0.00039,0.00062,0.00005
12.10606,0.96970,0.99894,0.00039,0.00062,0.00005
12.19697,0.96970,0.99894,0.00039,0.00062,0.00005
12.28788,0.96970,0.99894,0.00039,0.00062,0.00005
12.37879,0.96970,0.99894,0.00039,0.00062,0.00005
12.46970,0.96970,0.99894,0.00039,0.00062,0.00005
12.56061,0.96970,0.99894,0.00039,0.00062,0.00005
12.65152,0.96970,0.99894,0.00039,0.00062,0.00005
12.74242,0.96970,0.99894,0.00039,0.00062,0.00005
12.83333,0.96970,0.99894,0.00039,0.00062,0.00005
12.92424,0.96970,0.99894,0.00039,0.00062,0.00005
13.01515,0.96970,0.96238,0.00104,0.03635,0.00023
13.10606,0.96970,0.33937,0.00069,0.65635,0.00360
13.19697,0.96970,0.33398,0.00059,0.66092,0.00451
13.28788,0.96970,0.05484,0.00010,0.94287,0.00219
13.37879,0.96970,0.03586,0.00009,0.96105,0.00300
13.46970,0.96970,0.01113,0.00014,0.98670,0.00203
13.56061,0.96970,0.00356,0.00003,0.99598,0.00043
13.65152,0.96970,0.00353,0.00003,0.99617,0.00026
13.74242,0.96970,0.00708,0.00020,0.99132,0.00141
13.83333,0.96970,0.01952,0.00079,0.97816,0.00154
13.92424,0.96970,0.03556,0.00038,0.96208,0.00198
14.01515,0.96970,0.10408,0.01544,0.87711,0.00337
14.10606,0.96970,0.54018,0.44539,0.01357,0.00085
14.19697,0.96970,0.89183,0.10719,0.00070,0.00027
14.28788,0.96970,0.99682,0.00167,0.00127,0.00024
14.37879,0.96970,0.99801,0.00031,0.00148,0.00020
14.46970,0.96970,0.99894,0.00039,0.00062,0.00005
14.56061,0.96970,0.99894,0.00039,0.00062,0.00005
14.65152,0.96970,0.99894,0.00039,0.00062,0.00005
14.74242,0.96970,0.99894,0.00039,0.00062,0.00005
14.83333,0.96970,0.99894,0.00039,0.00062,0.00005
14.92424,0.96970,0.99894,0.00039,0.00062,0.00005
15.01515,0.96970,0.99894,0.00039,0.00062,0.00005
15.10606,0.96970,0.99894,0.00039,0.00062,0.00005
15.19697,0.96970,0.99894,0.00039,0.00062,0.00005
15.28788,0.96970,0.99894,0.00039,0.00062,0.00005
15.37879,0.96970,0.99894,0.00039,0.00062,0.00005
15.46970,0.96970,0.99894,0.00039,0.00062,0.00005
15.56061,0.96970,0.99894,0.00039,0.00062,0.00005
15.65152,0.96970,0.99864,0.00052,0.00076,0.00008
15.74242,0.96970,0.99239,0.00223,0.00258,0.00281
15.83333,0.96970,0.36090,0.01236,0.00222,0.62452
15.92424,0.96970,0.07100,0.00839,0.00281,0.91779
16.01515,0.96970,0.01160,0.00058,0.00048,0.98734
16.10606,0.96970,0.00354,0.00039,0.00013,0.99594
16.19697,0.96970,0.00240,0.00008,0.00024,0.99729
16.28788,0.96970,0.00133,0.00010,0.00007,0.99851
16.37879,0.96970,0.01922,0.00006,0.00151,0.97921
16.46970,0.96970,0.06499,0.00010,0.00047,0.93444
16.56061,0.96970,0.14332,0.00008,0.00105,0.85555
16.65152,0.96970,0.84347,0.00096,0.00873,0.14684
16.74242,0.96970,0.98868,0.00006,0.00669,0.00457
16.83333,0.96970,0.99723,0.00003,0.00089,0.00185
16.92424,0.96970,0.99937,0.00008,0.00039,0.00016
17.01515,0.96970,0.99894,0.00039,0.00062,0.00005
17.10606,0.96970,0.99894,0.00039,0.00062,0.00005
17.19697,0.96970,0.99894,0.00039,0.00062,0.00005
17.28788,0.96970,0.99894,0.00039,0.00062,0.00005
17.37879,0.96970,0.99894,0.00039,0.00062,0.00005
17.46970,0.96970,0.99894,0.00039,0.00062,0.00005
17.56061,0.96970,0.99894,0.00039,0.00062,0.00005
17.65152,0.96970,0.99894,0.00039,0.00062,0.00005
17.74242,0.96970,0.99894,0.00039,0.00062,0.00005
17.83333,0.96970,0.99894,0.00039,0.00062,0.00005
17.92424,0.96970,0.99894,0.00039,0.00062,0.00005
18.01515,0.96970,0.99894,0.00039,0.00062,0.00005
18.10606,0.96970,0.99894,0.00039,0.00062,0.00005
18.19697,0.96970,0.99868,0.00052,0.00075,0.00005
18.28788,0.96970,0.80217,0.19506,0.00131,0.00146
18.37879,0.96970,0.60268,0.39288,0.00082,0.00363
18.46970,0.96970,0.26950,0.72874,0.00046,0.00131
18.56061,0.96970,0.08490,0.91441,0.00015,0.00053
18.65152,0.96970,0.05907,0.94037,0.00010,0.00046
18.74242,0.96970,0.00631,0.99366,0.00001,0.00002
18.83333,0.96970,0.00522,0.99476,0.00001,0.00002
18.92424,0.96970,0.00457,0.99542,0.00001,0.00001
19.01515,0.96970,0.00379,0.99620,0.00001,0.00001
19.10606,0.96970,0.00480,0.99519,0.00001,0.00001
19.19697,0.96970,0.00576,0.99421,0.00002,0.00001
19.28788,0.96970,0.00981,0.99015,0.00003,0.00001
19.37879,0.96970,0.02609,0.97378,0.00010,0.00003
19.46970,0.96970,0.03003,0.96985,0.00009,0.00003
19.56061,0.96970,0.80267,0.19550,0.00152,0.00031
19.65152,0.96970,0.98860,0.01040,0.00086,0.00014
19.74242,0.96970,0.99765,0.00167,0.00058,0.00010
19.83333,0.96970,0.99876,0.00060,0.00057,0.00007
19.92424,0.96970,0.99894,0.00039,0.00062,0.00005
20.01515,0.96970,0.99894,0.00039,0.00062,0.00005
20.10606,0.96970,0.99894,0.00039,0.00062,0.00005
20.19697,0.96970,0.99894,0.00039,0.00062,0.00005
20.28788,0.96970,0.99894,0.00039,0.00062,0.00005
20.37879,0.96970,0.99894,0.00039,0.00062,0.00005
20.46970,0.96970,0.99894,0.00039,0.00062,0.00005
20.56061,0.96970,0.99894,0.00039,0.00062,0.00005
20.65152,0.96970,0.99821,0.00089,0.00078,0.00012
20.74242,0.96970,0.59261,0.40345,0.00105,0.00288
20.83333,0.96970,0.43276,0.56178,0.00084,0.00462
20.92424,0.96970,0.24755,0.75020,0.00050,0.00175
21.01515,0.96970,0.03030,0.96906,0.00010,0.00054
21.10606,0.96970,0.00900,0.99093,0.00002,0.00005
21.19697,0.96970,0.00572,0.99423,0.00001,0.00004
21.28788,0.96970,0.00480,0.99516,0.00001,0.00003
21.37879,0.96970,0.00402,0.99596,0.00001,0.00001
21.46970,0.96970,0.00592,0.99406,0.00001,0.00001
21.56061,0.96970,0.00567,0.99430,0.00002,0.00001
21.65152,0.96970,0.03507,0.96483,0.00006,0.00004
21.74242,0.96970,0.07752,0.92225,0.00013,0.00009
21.83333,0.96970,0.15982,0.83981,0.00025,0.00012
21.92424,0.96970,0.97559,0.02341,0.00077,0.00024
22.01515,0.96970,0.98699,0.01247,0.00044,0.00010
22.10606,0.96970,0.99805,0.00120,0.00064,0.00010
22.19697,0.96970,0.99885,0.00052,0.00056,0.00007
22.28788,0.96970,0.99894,0.00039,0.00062,0.00005
22.37879,0.96970,0.99894,0.00039,0.00062,0.00005
22.46970,0.96970,0.99894,0.00039,0.00062,0.00005
22.56061,0.96970,0.99894,0.00039,0.00062,0.00005
22.65152,0.96970,0.99894,0.00039,0.00062,0.00005
22.74242,0.96970,0.99894,0.00039,0.00062,0.00005
