# Time (seconds),f0,f1,f2
0.0151515,0,0.5,0.5
0.0454545303030303,0,0.5,0.5
0.0757575606060606,0,0.5,0.5
0.10606059090909091,0,0.5,0.5
0.13636362121212123,0,0.5,0.5
0.16666665151515153,0,0.5,0.5
0.19696968181818184,0,0.5,0.5
0.22727271212121214,0,0.5,0.5
0.2575757424242424,0,0.5,0.5
0.2878787727272727,0,0.5,0.5
0.318181803030303,0,0.5,0.5
0.34848483333333335,0,0.5,0.5
0.37878786363636363,0,0.5,0.5
0.4090908939393939,0,0.5,0.5
0.43939392424242424,0,0.5,0.5
0.46969695454545457,0,0.5,0.5
0.49999998484848485,0,0.5,0.5
0.5303030151515151,0,0.5,0.5
0.5606060454545454,0,0.5,0.5
0.5909090757575758,0,0.5,0.5
0.6212121060606061,0,0.5,0.5
0.6515151363636363,0,0.5,0.5
0.6818181666666667,0,0.5,0.5
0.712121196969697,0,0.5,0.5
0.7424242272727273,0,0.5,0.5
0.7727272575757576,0,0.5,0.5
0.8030302878787878,0,0.5,0.5
0.8333333181818182,0,0.5,0.5
0.8636363484848485,0,0.5,0.5
0.8939393787878788,0,0.5,0.5
0.9242424090909092,0,0.5,0.5
0.9545454393939394,0,0.5,0.5
0.9848484696969697,0,0.5,0.5
1.0151515,0,0.5,0.5
1.0454545303030303,0,0.5,0.5
1.0757575606060605,0,0.5,0.5
1.1060605909090908,0,0.5,0.5
1.1363636212121213,0,0.5,0.5
1.1666666515151516,0,0.5,0.5
1.1969696818181819,0,0.5,0.5
1.2272727121212121,0,0.5,0.5
1.2575757424242424,0,0.5,0.5
1.2878787727272727,0,0.5,0.5
1.318181803030303,0,0.5,0.5
1.3484848333333335,0,0.5,0.5
1.3787878636363637,0.21875,0.2946521043777466,0.5741252303123474
1.409090893939394,0.25,0.2674756348133087,0.4350440204143524
1.4393939242424243,0.1875,0.3651638627052307,0.4847007095813751
1.4696969545454546,0.125,0.2501767873764038,0.5500860214233398
1.4999999848484848,0.125,0.26370498538017273,0.5541431307792664
1.5303030151515151,0.09375,0.2608702480792999,0.4774569869041443
1.5606060454545454,0.0625,0.7559255957603455,0.29388731718063354
1.5909090757575757,0.0625,0.38707873225212097,0.4204772412776947
1.6212121060606062,0.0625,0.796356201171875,0.41006699204444885
1.6515151363636364,0.03125,0.415530264377594,0.28206756711006165
1.6818181666666667,0.03125,0.42408260703086853,0.3745275139808655
1.712121196969697,0.0625,0.16895946860313416,0.5047008395195007
1.7424242272727273,0.0625,0.4321211278438568,0.4058876633644104
1.7727272575757576,0.09375,0.3243066668510437,0.604200541973114
1.8030302878787878,0.125,0.3360134959220886,0.6280502676963806
1.8333333181818183,0.1875,0.3785669505596161,0.31270307302474976
1.8636363484848486,0.15625,0.3319074511528015,0.5802856087684631
1.8939393787878789,0.1875,0.32386162877082825,0.5410106182098389
1.9242424090909092,0.1875,0.3024415671825409,0.5726496577262878
1.9545454393939394,0,0.5,0.5
1.9848484696969697,0,0.5,0.5
2.0151515,0,0.5,0.5
2.0454545303030303,0,0.5,0.5
2.0757575606060605,0,0.5,0.5
2.106060590909091,0,0.5,0.5
2.136363621212121,0,0.5,0.5
2.1666666515151514,0,0.5,0.5
2.1969696818181816,0,0.5,0.5
2.2272727121212124,0,0.5,0.5
2.2575757424242426,0,0.5,0.5
2.287878772727273,0,0.5,0.5
2.318181803030303,0,0.5,0.5
2.3484848333333335,0,0.5,0.5
2.3787878636363637,0,0.5,0.5
2.409090893939394,0,0.5,0.5
2.4393939242424243,0,0.5,0.5
2.4696969545454546,0,0.5,0.5
2.499999984848485,0,0.5,0.5
2.530303015151515,0,0.5,0.5
2.5606060454545454,0,0.5,0.5
2.5909090757575757,0,0.5,0.5
2.621212106060606,0,0.5,0.5
2.6515151363636362,0,0.5,0.5
2.681818166666667,0,0.5,0.5
2.7121211969696972,0,0.5,0.5
2.7424242272727275,0,0.5,0.5
2.7727272575757578,0,0.5,0.5
2.803030287878788,0,0.5,0.5
2.8333333181818183,0,0.5,0.5
2.8636363484848486,0,0.5,0.5
2.893939378787879,0,0.5,0.5
2.924242409090909,0,0.5,0.5
2.9545454393939394,0,0.5,0.5
2.9848484696969697,0,0.5,0.5
3.0151515,0,0.5,0.5
3.0454545303030303,0,0.5,0.5
3.0757575606060605,0,0.5,0.5
3.106060590909091,0,0.5,0.5
3.136363621212121,0,0.5,0.5
3.1666666515151514,0,0.5,0.5
3.196969681818182,0,0.5,0.5
3.2272727121212124,0,0.5,0.5
3.2575757424242426,0,0.5,0.5
3.287878772727273,0,0.5,0.5
3.318181803030303,0,0.5,0.5
3.3484848333333335,0,0.5,0.5
3.3787878636363637,0,0.5,0.5
3.409090893939394,0,0.5,0.5
3.4393939242424243,0,0.5,0.5
3.4696969545454546,0,0.5,0.5
3.499999984848485,0,0.5,0.5
3.530303015151515,0,0.5,0.5
3.5606060454545454,0,0.5,0.5
3.5909090757575757,0,0.5,0.5
3.621212106060606,0,0.5,0.5
3.6515151363636367,0,0.5,0.5
3.681818166666667,0,0.5,0.5
3.7121211969696972,0,0.5,0.5
3.7424242272727275,0,0.5,0.5
3.7727272575757578,0.21875,0.35950249433517456,0.6576215624809265
3.803030287878788,0,0.5,0.5
3.8333333181818183,0.1875,0.1793205291032791,0.4149600565433502
3.8636363484848486,0.15625,0.28720852732658386,0.48038628697395325
3.893939378787879,0.125,0.14976386725902557,0.5141063332557678
3.924242409090909,0.09375,0.2883743345737457,0.2564316689968109
3.9545454393939394,0.09375,0.34190717339515686,0.3699466288089752
3.9848484696969697,0.0625,0.4679749011993408,0.3386748731136322
4.0151515,0.03125,0.4616270065307617,0.30526721477508545
4.04545453030303,0.0625,0.49666041135787964,0.34817448258399963
4.0757575606060605,0.03125,0.4039047658443451,0.37095221877098083
4.106060590909091,0.0625,0.4140166938304901,0.2703096568584442
4.136363621212121,0.09375,0.4368307590484619,0.34532129764556885
4.166666651515151,0.09375,0.3018549978733063,0.5650264620780945
4.196969681818182,0.125,0.25983938574790955,0.8324988484382629
4.227272712121212,0.15625,0.3976486921310425,0.19828039407730103
4.257575742424242,0.125,0.3422093987464905,0.6003535389900208
4.2878787727272725,0.15625,0.35851138830184937,0.6545813679695129
4.318181803030303,0.1875,0.3411719501018524,0.5781810879707336
4.348484833333333,0,0.5,0.5
4.378787863636363,0.25,0.2780264914035797,0.49780771136283875
4.4090908939393945,0,0.5,0.5
4.439393924242425,0,0.5,0.5
4.469696954545455,0.21875,0.33976688981056213,0.607255220413208
4.499999984848485,0,0.5,0.5
4.530303015151516,0,0.5,0.5
4.560606045454546,0,0.5,0.5
4.590909075757576,0,0.5,0.5
4.621212106060606,0,0.5,0.5
4.651515136363637,0,0.5,0.5
4.681818166666667,0,0.5,0.5
4.712121196969697,0,0.5,0.5
4.7424242272727275,0,0.5,0.5
4.772727257575758,0,0.5,0.5
4.803030287878788,0,0.5,0.5
4.833333318181818,0,0.5,0.5
4.863636348484849,0,0.5,0.5
4.893939378787879,0,0.5,0.5
4.924242409090909,0,0.5,0.5
4.954545439393939,0,0.5,0.5
4.98484846969697,0,0.5,0.5
5.0151515,0,0.5,0.5
5.04545453030303,0,0.5,0.5
5.0757575606060605,0,0.5,0.5
5.106060590909091,0,0.5,0.5
5.136363621212121,0,0.5,0.5
5.166666651515151,0,0.5,0.5
5.196969681818182,0,0.5,0.5
5.227272712121212,0,0.5,0.5
5.257575742424242,0,0.5,0.5
5.2878787727272725,0,0.5,0.5
5.318181803030303,0,0.5,0.5
5.348484833333334,0,0.5,0.5
5.378787863636364,0,0.5,0.5
5.4090908939393945,0,0.5,0.5
5.439393924242425,0,0.5,0.5
5.469696954545455,0,0.5,0.5
5.499999984848485,0,0.5,0.5
5.530303015151516,0,0.5,0.5
5.560606045454546,0,0.5,0.5
5.590909075757576,0,0.5,0.5
5.621212106060606,0,0.5,0.5
5.651515136363637,0,0.5,0.5
5.681818166666667,0,0.5,0.5
5.712121196969697,0,0.5,0.5
5.7424242272727275,0,0.5,0.5
5.772727257575758,0,0.5,0.5
5.803030287878788,0,0.5,0.5
5.833333318181818,0,0.5,0.5
5.863636348484849,0,0.5,0.5
5.893939378787879,0,0.5,0.5
5.924242409090909,0,0.5,0.5
5.954545439393939,0,0.5,0.5
5.98484846969697,0,0.5,0.5
6.0151515,0,0.5,0.5
6.04545453030303,0,0.5,0.5
6.0757575606060605,0,0.5,0.5
6.106060590909091,0,0.5,0.5
6.136363621212121,0,0.5,0.5
6.166666651515151,0,0.5,0.5
6.196969681818182,0,0.5,0.5
6.227272712121212,0,0.5,0.5
6.257575742424242,0,0.5,0.5
6.2878787727272725,0,0.5,0.5
6.318181803030303,0,0.5,0.5
6.348484833333334,0,0.5,0.5
6.378787863636364,0,0.5,0.5
6.4090908939393945,0,0.5,0.5
6.439393924242425,0,0.5,0.5
6.469696954545455,0,0.5,0.5
6.499999984848485,0.15625,0.7546558380126953,0.4367744028568268
6.530303015151516,0.125,0.7610074877738953,0.46559444069862366
6.560606045454546,0.09375,0.641811728477478,0.48826515674591064
6.590909075757576,0.09375,0.5460188388824463,0.45419156551361084
6.621212106060606,0.09375,0.4152941107749939,0.4651474058628082
6.651515136363637,0.09375,0.6107545495033264,0.6074533462524414
6.681818166666667,0.09375,0.5110030174255371,0.460721880197525
6.712121196969697,0.09375,0.4546207785606384,0.4441797733306885
6.7424242272727275,0.09375,0.258909672498703,0.42777392268180847
6.772727257575758,0,0.5,0.5
6.803030287878788,0.09375,0.289934366941452,0.32897770404815674
6.833333318181818,0.09375,0.20277392864227295,0.43178239464759827
6.863636348484849,0.09375,0.1797703057527542,0.3076034486293793
6.893939378787879,0,0.5,0.5
6.924242409090909,0,0.5,0.5
6.954545439393939,0,0.5,0.5
6.98484846969697,0,0.5,0.5
7.0151515,0,0.5,0.5
7.04545453030303,0,0.5,0.5
7.0757575606060605,0,0.5,0.5
7.106060590909091,0,0.5,0.5
7.136363621212121,0,0.5,0.5
7.166666651515151,0.25,0.05933190509676933,0.5732781887054443
7.196969681818182,0.25,0.06369408220052719,0.5730339288711548
7.227272712121212,0.25,0.11043094098567963,0.6117945909500122
7.257575742424242,0.28125,0.14744749665260315,0.6249929666519165
7.287878772727273,0.28125,0.15311187505722046,0.6365982294082642
7.318181803030304,0.28125,0.1757470965385437,0.6455495357513428
7.348484833333334,0.28125,0.14787790179252625,0.6359592080116272
7.378787863636364,0,0.5,0.5
7.4090908939393945,0,0.5,0.5
7.439393924242425,0,0.5,0.5
7.469696954545455,0,0.5,0.5
7.499999984848485,0,0.5,0.5
7.530303015151516,0,0.5,0.5
7.560606045454546,0,0.5,0.5
7.590909075757576,0,0.5,0.5
7.621212106060606,0,0.5,0.5
7.651515136363637,0,0.5,0.5
7.681818166666667,0,0.5,0.5
7.712121196969697,0,0.5,0.5
7.7424242272727275,0,0.5,0.5
7.772727257575758,0,0.5,0.5
7.803030287878788,0,0.5,0.5
7.833333318181818,0,0.5,0.5
7.863636348484849,0,0.5,0.5
7.893939378787879,0,0.5,0.5
7.924242409090909,0,0.5,0.5
7.954545439393939,0,0.5,0.5
7.98484846969697,0,0.5,0.5
8.0151515,0,0.5,0.5
8.045454530303031,0,0.5,0.5
8.07575756060606,0,0.5,0.5
8.106060590909092,0,0.5,0.5
8.136363621212121,0,0.5,0.5
8.166666651515152,0,0.5,0.5
8.196969681818182,0,0.5,0.5
8.227272712121213,0,0.5,0.5
8.257575742424242,0,0.5,0.5
8.287878772727273,0,0.5,0.5
8.318181803030303,0,0.5,0.5
8.348484833333334,0,0.5,0.5
8.378787863636363,0,0.5,0.5
8.409090893939394,0,0.5,0.5
8.439393924242424,0,0.5,0.5
8.469696954545455,0,0.5,0.5
8.499999984848484,0,0.5,0.5
8.530303015151516,0,0.5,0.5
8.560606045454545,0,0.5,0.5
8.590909075757576,0,0.5,0.5
8.621212106060606,0,0.5,0.5
8.651515136363637,0,0.5,0.5
8.681818166666666,0,0.5,0.5
8.712121196969697,0,0.5,0.5
8.742424227272727,0,0.5,0.5
8.772727257575758,0,0.5,0.5
8.803030287878789,0,0.5,0.5
8.833333318181818,0,0.5,0.5
8.86363634848485,0,0.5,0.5
8.893939378787879,0,0.5,0.5
8.92424240909091,0,0.5,0.5
8.95454543939394,0,0.5,0.5
8.98484846969697,0,0.5,0.5
9.0151515,0,0.5,0.5
9.045454530303031,0,0.5,0.5
9.07575756060606,0,0.5,0.5
9.106060590909092,0,0.5,0.5
9.136363621212121,0,0.5,0.5
9.166666651515152,0,0.5,0.5
9.196969681818182,0,0.5,0.5
9.227272712121213,0.125,0.7229055762290955,0.5108845233917236
9.257575742424242,0.09375,0.6850428581237793,0.490815132856369
9.287878772727273,0.09375,0.5818184018135071,0.5028420090675354
9.318181803030303,0.09375,0.2272123396396637,0.3903423249721527
9.348484833333334,0.09375,0.5617873072624207,0.4936487674713135
9.378787863636363,0.09375,0.6046453714370728,0.5533729791641235
9.409090893939394,0.09375,0.5055812001228333,0.5387725830078125
9.439393924242424,0.09375,0.5457106232643127,0.5288646221160889
9.469696954545455,0.09375,0.14257141947746277,0.50731360912323
9.499999984848484,0,0.5,0.5
9.530303015151516,0.09375,0.2412600964307785,0.37758541107177734
9.560606045454545,0.09375,0.20954789221286774,0.3872993290424347
9.590909075757576,0,0.5,0.5
9.621212106060606,0,0.5,0.5
9.651515136363637,0,0.5,0.5
9.681818166666666,0,0.5,0.5
9.712121196969697,0,0.5,0.5
9.742424227272728,0,0.5,0.5
9.772727257575758,0,0.5,0.5
9.803030287878789,0,0.5,0.5
9.833333318181818,0,0.5,0.5
9.86363634848485,0,0.5,0.5
9.893939378787879,0,0.5,0.5
9.92424240909091,0,0.5,0.5
9.95454543939394,0,0.5,0.5
9.98484846969697,0,0.5,0.5
10.0151515,0,0.5,0.5
10.045454530303031,0,0.5,0.5
10.07575756060606,0,0.5,0.5
10.106060590909092,0,0.5,0.5
10.136363621212121,0,0.5,0.5
10.166666651515152,0,0.5,0.5
10.196969681818182,0,0.5,0.5
10.227272712121213,0,0.5,0.5
10.257575742424242,0,0.5,0.5
10.287878772727273,0,0.5,0.5
10.318181803030303,0,0.5,0.5
10.348484833333334,0,0.5,0.5
10.378787863636363,0,0.5,0.5
10.409090893939394,0,0.5,0.5
10.439393924242424,0,0.5,0.5
10.469696954545455,0,0.5,0.5
10.499999984848484,0,0.5,0.5
10.530303015151516,0,0.5,0.5
10.560606045454545,0,0.5,0.5
10.590909075757576,0,0.5,0.5
10.621212106060606,0,0.5,0.5
10.651515136363637,0,0.5,0.5
10.681818166666668,0,0.5,0.5
10.712121196969697,0,0.5,0.5
10.742424227272728,0,0.5,0.5
10.772727257575758,0,0.5,0.5
10.803030287878789,0,0.5,0.5
10.833333318181818,0,0.5,0.5
10.86363634848485,0,0.5,0.5
10.893939378787879,0,0.5,0.5
10.92424240909091,0,0.5,0.5
10.95454543939394,0,0.5,0.5
10.98484846969697,0,0.5,0.5
11.0151515,0,0.5,0.5
11.045454530303031,0,0.5,0.5
11.07575756060606,0,0.5,0.5
11.106060590909092,0,0.5,0.5
11.136363621212121,0,0.5,0.5
11.166666651515152,0,0.5,0.5
11.196969681818182,0,0.5,0.5
11.227272712121213,0,0.5,0.5
11.257575742424242,0,0.5,0.5
11.287878772727273,0,0.5,0.5
11.318181803030303,0,0.5,0.5
11.348484833333334,0,0.5,0.5
11.378787863636363,0,0.5,0.5
11.409090893939394,0,0.5,0.5
11.439393924242424,0,0.5,0.5
11.469696954545455,0,0.5,0.5
11.499999984848484,0,0.5,0.5
11.530303015151516,0,0.5,0.5
11.560606045454545,0,0.5,0.5
11.590909075757576,0,0.5,0.5
11.621212106060606,0,0.5,0.5
11.651515136363637,0,0.5,0.5
11.681818166666668,0,0.5,0.5
11.712121196969697,0.25,0.03806132823228836,0.6050381064414978
11.742424227272728,0,0.5,0.5
11.772727257575758,0,0.5,0.5
11.803030287878789,0,0.5,0.5
11.833333318181818,0,0.5,0.5
11.86363634848485,0,0.5,0.5
11.893939378787879,0,0.5,0.5
11.92424240909091,0,0.5,0.5
11.95454543939394,0,0.5,0.5
11.98484846969697,0,0.5,0.5
12.0151515,0,0.5,0.5
12.045454530303031,0.09375,0.15721982717514038,0.5175080895423889
12.07575756060606,0.09375,0.2320314347743988,0.41846147179603577
12.106060590909092,0.125,0.6416873335838318,0.31943559646606445
12.136363621212121,0.125,0.4923805296421051,0.3351576328277588
12.166666651515152,0.125,0.5604153871536255,0.5550274848937988
12.196969681818182,0.125,0.5912616848945618,0.4479798972606659
12.227272712121213,0.125,0.7297634482383728,0.3893102705478668
12.257575742424242,0.15625,0.7456552386283875,0.42864224314689636
12.287878772727273,0.15625,0.7321652173995972,0.4324127435684204
12.318181803030303,0.15625,0.7917421460151672,0.4322487711906433
12.348484833333334,0,0.5,0.5
12.378787863636363,0,0.5,0.5
12.409090893939394,0,0.5,0.5
12.439393924242424,0,0.5,0.5
12.469696954545455,0,0.5,0.5
12.499999984848484,0,0.5,0.5
12.530303015151516,0,0.5,0.5
12.560606045454545,0,0.5,0.5
12.590909075757576,0,0.5,0.5
12.621212106060606,0,0.5,0.5
12.651515136363637,0,0.5,0.5
12.681818166666668,0,0.5,0.5
12.712121196969697,0,0.5,0.5
12.742424227272728,0,0.5,0.5
12.772727257575758,0,0.5,0.5
12.803030287878789,0,0.5,0.5
12.833333318181818,0,0.5,0.5
12.86363634848485,0,0.5,0.5
12.893939378787879,0,0.5,0.5
12.92424240909091,0,0.5,0.5
12.95454543939394,0,0.5,0.5
12.98484846969697,0,0.5,0.5
13.0151515,0,0.5,0.5
13.045454530303031,0,0.5,0.5
13.07575756060606,0,0.5,0.5
13.106060590909092,0,0.5,0.5
13.136363621212121,0,0.5,0.5
13.166666651515152,0,0.5,0.5
13.196969681818182,0,0.5,0.5
13.227272712121213,0,0.5,0.5
13.257575742424242,0,0.5,0.5
13.287878772727273,0,0.5,0.5
13.318181803030303,0,0.5,0.5
13.348484833333334,0,0.5,0.5
13.378787863636363,0,0.5,0.5
13.409090893939394,0,0.5,0.5
13.439393924242424,0,0.5,0.5
13.469696954545455,0,0.5,0.5
13.499999984848484,0,0.5,0.5
13.530303015151516,0,0.5,0.5
13.560606045454545,0,0.5,0.5
13.590909075757576,0,0.5,0.5
13.621212106060607,0,0.5,0.5
13.651515136363637,0,0.5,0.5
13.681818166666668,0,0.5,0.5
13.712121196969697,0,0.5,0.5
13.742424227272728,0,0.5,0.5
13.772727257575758,0,0.5,0.5
13.803030287878789,0,0.5,0.5
13.833333318181818,0,0.5,0.5
13.86363634848485,0,0.5,0.5
13.893939378787879,0,0.5,0.5
13.92424240909091,0,0.5,0.5
13.95454543939394,0,0.5,0.5
13.98484846969697,0,0.5,0.5
14.0151515,0,0.5,0.5
14.045454530303031,0,0.5,0.5
14.07575756060606,0,0.5,0.5
14.106060590909092,0,0.5,0.5
14.136363621212121,0,0.5,0.5
14.166666651515152,0,0.5,0.5
14.196969681818182,0,0.5,0.5
14.227272712121213,0,0.5,0.5
14.257575742424242,0,0.5,0.5
14.287878772727273,0,0.5,0.5
14.318181803030303,0,0.5,0.5
14.348484833333334,0,0.5,0.5
14.378787863636363,0,0.5,0.5
14.409090893939394,0,0.5,0.5
14.439393924242424,0,0.5,0.5
14.469696954545455,0,0.5,0.5
14.499999984848484,0.125,0.1485183835029602,0.36319056153297424
14.530303015151516,0.125,0.18076887726783752,0.24281151592731476
14.560606045454547,0.09375,0.228479266166687,0.3401305079460144
14.590909075757576,0.09375,0.20039352774620056,0.5197477340698242
14.621212106060607,0.125,0.27907317876815796,0.9294276237487793
14.651515136363637,0.125,0.09669360518455505,0.584472119808197
14.681818166666668,0.09375,0.7331719398498535,0.0670505091547966
14.712121196969697,0.09375,0.5339534282684326,0.399596244096756
14.742424227272728,0.09375,0.7137957215309143,0.2355879545211792
14.772727257575758,0.125,0.9508139491081238,0.35698509216308594
14.803030287878789,0.09375,0.623445451259613,0.30813702940940857
14.833333318181818,0.09375,0.6359399557113647,0.4411334693431854
14.86363634848485,0.09375,0.6245113611221313,0.4273735284805298
14.893939378787879,0.125,0.7573813199996948,0.4156428277492523
14.92424240909091,0.125,0.7859922647476196,0.4635719954967499
14.95454543939394,0,0.5,0.5
14.98484846969697,0,0.5,0.5
15.0151515,0,0.5,0.5
15.045454530303031,0,0.5,0.5
15.07575756060606,0,0.5,0.5
15.106060590909092,0,0.5,0.5
15.136363621212121,0,0.5,0.5
15.166666651515152,0,0.5,0.5
15.196969681818182,0,0.5,0.5
15.227272712121213,0,0.5,0.5
15.257575742424242,0,0.5,0.5
15.287878772727273,0,0.5,0.5
15.318181803030303,0,0.5,0.5
15.348484833333334,0,0.5,0.5
15.378787863636363,0,0.5,0.5
15.409090893939394,0,0.5,0.5
15.439393924242424,0,0.5,0.5
15.469696954545455,0,0.5,0.5
15.499999984848484,0,0.5,0.5
15.530303015151516,0,0.5,0.5
15.560606045454547,0,0.5,0.5
15.590909075757576,0,0.5,0.5
15.621212106060607,0,0.5,0.5
15.651515136363637,0,0.5,0.5
15.681818166666668,0,0.5,0.5
15.712121196969697,0,0.5,0.5
15.742424227272728,0,0.5,0.5
15.772727257575758,0,0.5,0.5
15.803030287878789,0,0.5,0.5
15.833333318181818,0,0.5,0.5
15.86363634848485,0,0.5,0.5
15.893939378787879,0,0.5,0.5
15.92424240909091,0,0.5,0.5
15.95454543939394,0,0.5,0.5
15.98484846969697,0,0.5,0.5
16.0151515,0,0.5,0.5
16.045454530303033,0,0.5,0.5
16.075757560606064,0,0.5,0.5
16.10606059090909,0,0.5,0.5
16.136363621212123,0,0.5,0.5
16.166666651515154,0,0.5,0.5
16.196969681818185,0,0.5,0.5
16.227272712121213,0,0.5,0.5
16.257575742424244,0,0.5,0.5
16.287878772727275,0,0.5,0.5
16.318181803030306,0,0.5,0.5
16.348484833333334,0,0.5,0.5
16.378787863636365,0,0.5,0.5
16.409090893939396,0,0.5,0.5
16.439393924242427,0,0.5,0.5
16.469696954545455,0,0.5,0.5
16.499999984848486,0,0.5,0.5
16.530303015151517,0,0.5,0.5
16.56060604545455,0,0.5,0.5
16.59090907575758,0,0.5,0.5
16.621212106060607,0,0.5,0.5
16.65151513636364,0,0.5,0.5
16.68181816666667,0,0.5,0.5
16.7121211969697,0,0.5,0.5
16.74242422727273,0,0.5,0.5
16.77272725757576,0,0.5,0.5
16.80303028787879,0,0.5,0.5
16.833333318181822,0,0.5,0.5
16.86363634848485,0,0.5,0.5
16.89393937878788,0,0.5,0.5
16.924242409090912,0.1875,0.4425709843635559,0.5929839015007019
16.954545439393943,0.1875,0.4212622046470642,0.6043986678123474
16.98484846969697,0.1875,0.4176912009716034,0.6104152202606201
17.0151515,0.15625,0.43852779269218445,0.6208692789077759
17.045454530303033,0.15625,0.340630441904068,0.6267200708389282
17.075757560606064,0.15625,0.4935261905193329,0.10731793195009232
17.10606059090909,0.125,0.3259604871273041,0.16541999578475952
17.136363621212123,0.09375,0.21952123939990997,0.47518426179885864
17.166666651515154,0.0625,0.2863297760486603,0.537422239780426
17.196969681818185,0.0625,0.6240922212600708,0.05321216955780983
17.227272712121213,0.0625,0.1250278204679489,0.9213083982467651
17.257575742424244,0.0625,0.2926573157310486,0.27750280499458313
17.287878772727275,0.0625,0.486392617225647,0.3881676495075226
17.318181803030306,0.09375,0.35039380192756653,0.4433510899543762
17.348484833333334,0.09375,0.3860850930213928,0.6332406997680664
17.378787863636365,0.15625,0.3406255841255188,0.2759195864200592
17.409090893939396,0.15625,0.33253422379493713,0.7070295810699463
17.439393924242427,0.15625,0.37935200333595276,0.559418797492981
17.469696954545455,0.1875,0.38554322719573975,0.6480190753936768
17.499999984848486,0,0.5,0.5
17.530303015151517,0,0.5,0.5
17.56060604545455,0,0.5,0.5
17.59090907575758,0.21875,0.3393462002277374,0.6378625631332397
17.621212106060607,0,0.5,0.5
17.65151513636364,0,0.5,0.5
17.68181816666667,0,0.5,0.5
17.7121211969697,0,0.5,0.5
17.74242422727273,0,0.5,0.5
17.77272725757576,0,0.5,0.5
17.80303028787879,0,0.5,0.5
17.833333318181822,0,0.5,0.5
17.86363634848485,0,0.5,0.5
17.89393937878788,0,0.5,0.5
17.924242409090912,0,0.5,0.5
17.954545439393943,0,0.5,0.5
17.98484846969697,0,0.5,0.5
18.0151515,0,0.5,0.5
18.045454530303033,0,0.5,0.5
18.075757560606064,0,0.5,0.5
18.10606059090909,0,0.5,0.5
18.136363621212123,0,0.5,0.5
18.166666651515154,0,0.5,0.5
18.196969681818185,0,0.5,0.5
18.227272712121213,0,0.5,0.5
18.257575742424244,0,0.5,0.5
18.287878772727275,0,0.5,0.5
18.318181803030306,0,0.5,0.5
18.348484833333334,0,0.5,0.5
18.378787863636365,0,0.5,0.5
18.409090893939396,0,0.5,0.5
18.439393924242427,0,0.5,0.5
18.46969695454546,0,0.5,0.5
18.499999984848486,0,0.5,0.5
18.530303015151517,0,0.5,0.5
18.56060604545455,0,0.5,0.5
18.59090907575758,0,0.5,0.5
18.621212106060607,0,0.5,0.5
18.65151513636364,0,0.5,0.5
18.68181816666667,0,0.5,0.5
18.7121211969697,0,0.5,0.5
18.74242422727273,0,0.5,0.5
18.77272725757576,0,0.5,0.5
18.80303028787879,0,0.5,0.5
18.833333318181822,0,0.5,0.5
18.86363634848485,0,0.5,0.5
18.89393937878788,0,0.5,0.5
18.924242409090912,0,0.5,0.5
18.954545439393943,0,0.5,0.5
18.98484846969697,0,0.5,0.5
19.0151515,0,0.5,0.5
19.045454530303033,0,0.5,0.5
19.075757560606064,0,0.5,0.5
19.10606059090909,0.1875,0.36993569135665894,0.6381700038909912
19.136363621212123,0.1875,0.21331726014614105,0.40053659677505493
19.166666651515154,0.1875,0.3723765015602112,0.42470404505729675
19.196969681818185,0.15625,0.3831574320793152,0.8306751251220703
19.227272712121213,0.125,0.13192440569400787,0.461723655462265
19.257575742424244,0.09375,0.05426037311553955,0.293086975812912
19.287878772727275,0.0625,0.47224903106689453,0.4446566700935364
19.318181803030306,0.0625,0.039818357676267624,0.019581492990255356
19.348484833333334,0.0625,0.38081490993499756,0.4887556731700897
19.378787863636365,0.09375,0.38269925117492676,0.2295190393924713
19.409090893939396,0.0625,0.6768098473548889,0.11574425548315048
19.439393924242427,0.0625,0.5400894284248352,0.10637722164392471
19.46969695454546,0.0625,0.7644374370574951,0.3904304504394531
19.499999984848486,0.09375,0.4765074551105499,0.4334418773651123
19.530303015151517,0.125,0.398113489151001,0.1954822987318039
19.56060604545455,0.125,0.5036551356315613,0.4110792279243469
19.59090907575758,0.15625,0.37646716833114624,0.5129658579826355
19.621212106060607,0.125,0.32095903158187866,0.5662513971328735
19.65151513636364,0,0.5,0.5
19.68181816666667,0.1875,0.33508196473121643,0.6187434196472168
19.7121211969697,0.21875,0.3594561517238617,0.4664635956287384
19.74242422727273,0.21875,0.3205685317516327,0.5658808946609497
19.77272725757576,0,0.5,0.5
19.80303028787879,0,0.5,0.5
19.833333318181822,0,0.5,0.5
19.86363634848485,0,0.5,0.5
19.89393937878788,0,0.5,0.5
19.924242409090912,0,0.5,0.5
19.954545439393943,0,0.5,0.5
19.98484846969697,0,0.5,0.5
20.0151515,0,0.5,0.5
20.045454530303033,0,0.5,0.5
20.075757560606064,0,0.5,0.5
20.10606059090909,0,0.5,0.5
20.136363621212123,0,0.5,0.5
20.166666651515154,0,0.5,0.5
20.196969681818185,0,0.5,0.5
20.227272712121213,0,0.5,0.5
20.257575742424244,0,0.5,0.5
20.287878772727275,0,0.5,0.5
20.318181803030306,0,0.5,0.5
20.348484833333334,0,0.5,0.5
20.378787863636365,0,0.5,0.5
20.409090893939396,0,0.5,0.5
20.439393924242427,0,0.5,0.5
20.46969695454546,0,0.5,0.5
20.499999984848486,0,0.5,0.5
20.530303015151517,0,0.5,0.5
20.56060604545455,0,0.5,0.5
20.59090907575758,0,0.5,0.5
20.621212106060607,0,0.5,0.5
20.65151513636364,0,0.5,0.5
20.68181816666667,0,0.5,0.5
20.7121211969697,0,0.5,0.5
20.74242422727273,0,0.5,0.5
20.77272725757576,0,0.5,0.5
20.80303028787879,0,0.5,0.5
20.833333318181822,0,0.5,0.5
20.86363634848485,0,0.5,0.5
20.89393937878788,0,0.5,0.5
20.924242409090912,0,0.5,0.5
20.954545439393943,0,0.5,0.5
20.98484846969697,0,0.5,0.5
21.0151515,0,0.5,0.5
21.045454530303033,0,0.5,0.5
21.075757560606064,0,0.5,0.5
21.10606059090909,0,0.5,0.5
21.136363621212123,0,0.5,0.5
21.166666651515154,0,0.5,0.5
21.196969681818185,0,0.5,0.5
21.227272712121213,0,0.5,0.5
21.257575742424244,0,0.5,0.5
21.287878772727275,0,0.5,0.5
21.318181803030306,0,0.5,0.5
21.348484833333337,0,0.5,0.5
21.378787863636365,0,0.5,0.5
21.409090893939396,0,0.5,0.5
21.439393924242427,0,0.5,0.5
21.46969695454546,0,0.5,0.5
21.499999984848486,0,0.5,0.5
21.530303015151517,0,0.5,0.5
21.56060604545455,0,0.5,0.5
21.59090907575758,0,0.5,0.5
21.621212106060607,0,0.5,0.5
21.65151513636364,0,0.5,0.5
21.68181816666667,0.15625,0.7746849060058594,0.5715518593788147
21.7121211969697,0.15625,0.7686751484870911,0.5826385021209717
21.74242422727273,0.125,0.7143727540969849,0.5769702792167664
21.77272725757576,0.125,0.6450539231300354,0.5832870602607727
21.80303028787879,0.125,0.6059947609901428,0.6782135367393494
21.833333318181822,0.09375,0.40902355313301086,0.4628666043281555
21.86363634848485,0.125,0.5479697585105896,0.47608640789985657
21.89393937878788,0.09375,0.595210075378418,0.7380627989768982
21.924242409090912,0.09375,0.6137155890464783,0.6140620708465576
21.954545439393943,0.09375,0.45915311574935913,0.31538912653923035
21.98484846969697,0.125,0.19779987633228302,0.3928475081920624
22.0151515,0.09375,0.24480107426643372,0.10279975831508636
22.045454530303033,0.09375,0.2096395641565323,0.005735485814511776
22.075757560606064,0.09375,0.1504061073064804,0.21681535243988037
22.10606059090909,0,0.5,0.5
22.136363621212123,0,0.5,0.5
22.166666651515154,0,0.5,0.5
22.196969681818185,0,0.5,0.5
22.227272712121213,0,0.5,0.5
22.257575742424244,0,0.5,0.5
22.287878772727275,0,0.5,0.5
22.318181803030306,0,0.5,0.5
22.348484833333337,0,0.5,0.5
22.378787863636365,0,0.5,0.5
22.409090893939396,0,0.5,0.5
22.439393924242427,0,0.5,0.5
22.46969695454546,0,0.5,0.5
22.499999984848486,0,0.5,0.5
22.530303015151517,0,0.5,0.5
22.56060604545455,0,0.5,0.5
22.59090907575758,0,0.5,0.5
22.621212106060607,0,0.5,0.5
22.65151513636364,0,0.5,0.5
22.68181816666667,0,0.5,0.5
22.7121211969697,0,0.5,0.5
22.74242422727273,0,0.5,0.5
22.77272725757576,0,0.5,0.5
22.80303028787879,0,0.5,0.5
22.833333318181822,0,0.5,0.5
22.86363634848485,0,0.5,0.5
22.89393937878788,0,0.5,0.5
22.924242409090912,0,0.5,0.5
22.954545439393943,0,0.5,0.5
22.98484846969697,0,0.5,0.5
23.0151515,0,0.5,0.5
23.045454530303033,0,0.5,0.5
23.075757560606064,0,0.5,0.5
23.10606059090909,0,0.5,0.5
23.136363621212123,0,0.5,0.5
23.166666651515154,0,0.5,0.5
23.196969681818185,0,0.5,0.5
23.227272712121213,0,0.5,0.5
23.257575742424244,0,0.5,0.5
23.287878772727275,0,0.5,0.5
23.318181803030306,0,0.5,0.5
23.348484833333337,0,0.5,0.5
23.378787863636365,0,0.5,0.5
23.409090893939396,0,0.5,0.5
23.439393924242427,0,0.5,0.5
23.46969695454546,0,0.5,0.5
23.499999984848486,0,0.5,0.5
23.530303015151517,0,0.5,0.5
23.56060604545455,0,0.5,0.5
23.59090907575758,0,0.5,0.5
23.621212106060607,0,0.5,0.5
23.65151513636364,0,0.5,0.5
23.68181816666667,0,0.5,0.5
23.7121211969697,0,0.5,0.5
23.74242422727273,0,0.5,0.5
23.77272725757576,0,0.5,0.5
23.80303028787879,0,0.5,0.5
23.833333318181822,0,0.5,0.5
23.86363634848485,0,0.5,0.5
23.89393937878788,0,0.5,0.5
23.924242409090912,0,0.5,0.5
23.954545439393943,0,0.5,0.5
23.98484846969697,0.1875,0.763085126876831,0.6064721345901489
24.0151515,0,0.5,0.5
24.045454530303033,0.15625,0.7779861688613892,0.5556113719940186
24.075757560606064,0.15625,0.7942262887954712,0.535804033279419
24.10606059090909,0.15625,0.8076722025871277,0.5509984493255615
24.136363621212123,0.15625,0.808896541595459,0.5399514436721802
24.166666651515154,0,0.5,0.5
24.196969681818185,0.15625,0.8500958681106567,0.3288993835449219
24.227272712121213,0.125,0.6648092865943909,0.408796101808548
24.257575742424244,0.09375,0.4486044943332672,0.5266950726509094
24.287878772727275,0.09375,0.18960528075695038,0.4722351133823395
24.318181803030306,0.09375,0.616003155708313,0.4890954792499542
24.348484833333337,0.09375,0.6170355081558228,0.6346997618675232
24.378787863636365,0.09375,0.6229305863380432,0.3797002136707306
24.409090893939396,0.09375,0.308423787355423,0.6182329058647156
24.439393924242427,0.09375,0.43527060747146606,0.2980141043663025
24.46969695454546,0.125,0.016408415511250496,0.7488867044448853
24.499999984848486,0.0625,0.3577451705932617,0.4675702750682831
24.530303015151517,0.0625,0.280581533908844,0.45410168170928955
24.56060604545455,0.09375,0.1544584184885025,0.370896577835083
24.59090907575758,0.09375,0.170169860124588,0.4862794876098633
24.621212106060607,0.09375,0.17488394677639008,0.44241273403167725
24.65151513636364,0,0.5,0.5
24.68181816666667,0,0.5,0.5
24.7121211969697,0,0.5,0.5
24.74242422727273,0,0.5,0.5
24.77272725757576,0,0.5,0.5
24.80303028787879,0,0.5,0.5
24.833333318181822,0,0.5,0.5
24.86363634848485,0,0.5,0.5
24.89393937878788,0,0.5,0.5
24.924242409090912,0,0.5,0.5
24.954545439393943,0,0.5,0.5
24.98484846969697,0,0.5,0.5
25.0151515,0,0.5,0.5
25.045454530303033,0,0.5,0.5
25.075757560606064,0,0.5,0.5
25.10606059090909,0,0.5,0.5
25.136363621212123,0,0.5,0.5
25.166666651515154,0,0.5,0.5
25.196969681818185,0,0.5,0.5
25.227272712121213,0,0.5,0.5
25.257575742424244,0,0.5,0.5
25.287878772727275,0,0.5,0.5
25.318181803030306,0,0.5,0.5
25.348484833333337,0,0.5,0.5
25.378787863636365,0,0.5,0.5
25.409090893939396,0,0.5,0.5
25.439393924242427,0,0.5,0.5
25.46969695454546,0,0.5,0.5
25.499999984848486,0,0.5,0.5
25.530303015151517,0,0.5,0.5
25.56060604545455,0,0.5,0.5
25.59090907575758,0,0.5,0.5
25.621212106060607,0,0.5,0.5
25.65151513636364,0,0.5,0.5
25.68181816666667,0,0.5,0.5
25.7121211969697,0,0.5,0.5
25.74242422727273,0,0.5,0.5
25.77272725757576,0,0.5,0.5
25.80303028787879,0,0.5,0.5
25.833333318181822,0,0.5,0.5
25.86363634848485,0,0.5,0.5
25.89393937878788,0,0.5,0.5
25.924242409090912,0,0.5,0.5
25.954545439393943,0,0.5,0.5
25.98484846969697,0,0.5,0.5
26.0151515,0,0.5,0.5
26.045454530303033,0,0.5,0.5
26.075757560606064,0,0.5,0.5
26.10606059090909,0,0.5,0.5
26.136363621212123,0,0.5,0.5
26.166666651515154,0,0.5,0.5
26.196969681818185,0,0.5,0.5
26.227272712121216,0,0.5,0.5
26.257575742424244,0,0.5,0.5
26.287878772727275,0,0.5,0.5
26.318181803030306,0,0.5,0.5
26.348484833333337,0,0.5,0.5
26.378787863636365,0,0.5,0.5
26.409090893939396,0,0.5,0.5
26.439393924242427,0,0.5,0.5
26.46969695454546,0,0.5,0.5
26.499999984848486,0,0.5,0.5
26.530303015151517,0,0.5,0.5
26.56060604545455,0,0.5,0.5
26.59090907575758,0,0.5,0.5
26.621212106060607,0,0.5,0.5
26.65151513636364,0,0.5,0.5
26.68181816666667,0,0.5,0.5
26.7121211969697,0,0.5,0.5
26.74242422727273,0,0.5,0.5
26.77272725757576,0,0.5,0.5
26.80303028787879,0,0.5,0.5
26.833333318181822,0,0.5,0.5
26.86363634848485,0.125,0.1602790653705597,0.43755388259887695
26.89393937878788,0,0.5,0.5
26.924242409090912,0.125,0.22947122156620026,0.2140795886516571
26.954545439393943,0.125,0.24406439065933228,0.11950185149908066
26.98484846969697,0.125,0.3791399598121643,0.3535872995853424
27.0151515,0.125,0.37648794054985046,0.17959332466125488
27.045454530303033,0.125,0.5244386792182922,0.42773160338401794
27.075757560606064,0.125,0.6504826545715332,0.5052650570869446
27.10606059090909,0.125,0.617839515209198,0.06475848704576492
27.136363621212123,0.125,0.8605017066001892,0.2572747766971588
27.166666651515154,0.15625,0.8244430422782898,0.370726615190506
27.196969681818185,0,0.5,0.5
27.227272712121216,0,0.5,0.5
27.257575742424244,0,0.5,0.5
27.287878772727275,0,0.5,0.5
27.318181803030306,0,0.5,0.5
27.348484833333337,0,0.5,0.5
27.378787863636365,0,0.5,0.5
27.409090893939396,0,0.5,0.5
27.439393924242427,0,0.5,0.5
27.46969695454546,0,0.5,0.5
27.499999984848486,0,0.5,0.5
27.530303015151517,0,0.5,0.5
27.56060604545455,0,0.5,0.5
27.59090907575758,0,0.5,0.5
27.621212106060607,0,0.5,0.5
27.65151513636364,0,0.5,0.5
27.68181816666667,0,0.5,0.5
27.7121211969697,0,0.5,0.5
27.74242422727273,0,0.5,0.5
27.77272725757576,0,0.5,0.5
27.80303028787879,0,0.5,0.5
27.833333318181822,0,0.5,0.5
27.86363634848485,0,0.5,0.5
27.89393937878788,0,0.5,0.5
27.924242409090912,0,0.5,0.5
27.954545439393943,0,0.5,0.5
27.98484846969697,0,0.5,0.5
28.0151515,0,0.5,0.5
28.045454530303033,0,0.5,0.5
28.075757560606064,0,0.5,0.5
28.10606059090909,0,0.5,0.5
28.136363621212123,0,0.5,0.5
28.166666651515154,0,0.5,0.5
28.196969681818185,0,0.5,0.5
28.227272712121216,0,0.5,0.5
28.257575742424244,0,0.5,0.5
28.287878772727275,0,0.5,0.5
28.318181803030306,0,0.5,0.5
28.348484833333337,0,0.5,0.5
28.378787863636365,0,0.5,0.5
28.409090893939396,0,0.5,0.5
28.439393924242427,0,0.5,0.5
28.46969695454546,0,0.5,0.5
28.499999984848486,0,0.5,0.5
28.530303015151517,0,0.5,0.5
28.56060604545455,0,0.5,0.5
28.59090907575758,0,0.5,0.5
28.621212106060607,0,0.5,0.5
28.65151513636364,0,0.5,0.5
28.68181816666667,0,0.5,0.5
28.7121211969697,0,0.5,0.5
28.74242422727273,0,0.5,0.5
28.77272725757576,0,0.5,0.5
28.80303028787879,0,0.5,0.5
28.833333318181822,0,0.5,0.5
28.86363634848485,0,0.5,0.5
28.89393937878788,0,0.5,0.5
28.924242409090912,0,0.5,0.5
28.954545439393943,0,0.5,0.5
28.98484846969697,0,0.5,0.5
29.0151515,0,0.5,0.5
29.045454530303033,0,0.5,0.5
29.075757560606064,0,0.5,0.5
29.106060590909095,0,0.5,0.5
29.136363621212123,0,0.5,0.5
29.166666651515154,0,0.5,0.5
29.196969681818185,0,0.5,0.5
29.227272712121216,0,0.5,0.5
29.257575742424244,0,0.5,0.5
29.287878772727275,0,0.5,0.5
29.318181803030306,0,0.5,0.5
29.348484833333337,0,0.5,0.5
29.378787863636365,0,0.5,0.5
29.409090893939396,0,0.5,0.5
29.439393924242427,0,0.5,0.5
29.46969695454546,0,0.5,0.5
29.499999984848486,0.15625,0.13863351941108704,0.32794350385665894
29.530303015151517,0.125,0.18409191071987152,0.3045231103897095
29.56060604545455,0.125,0.17671144008636475,0.2713317275047302
29.59090907575758,0.09375,0.2425425499677658,0.29135626554489136
29.621212106060607,0.125,0.31202447414398193,0.5985468029975891
29.65151513636364,0.125,0.3313451111316681,0.3411984443664551
29.68181816666667,0.09375,0.24591633677482605,0.6504663825035095
29.7121211969697,0.09375,0.5671290755271912,0.45411011576652527
29.74242422727273,0.09375,0.7591992020606995,0.2736693322658539
29.77272725757576,0.09375,0.5551339983940125,0.46252942085266113
29.80303028787879,0.09375,0.47771167755126953,0.37782856822013855
29.833333318181822,0.09375,0.628753662109375,0.45982614159584045
29.86363634848485,0.125,0.730327844619751,0.4056381583213806
29.89393937878788,0.125,0.7892787456512451,0.39323461055755615
29.924242409090912,0,0.5,0.5
29.954545439393943,0,0.5,0.5
29.98484846969697,0,0.5,0.5
30.0151515,0,0.5,0.5
30.045454530303033,0,0.5,0.5
30.075757560606064,0,0.5,0.5
30.106060590909095,0,0.5,0.5
30.136363621212123,0,0.5,0.5
30.166666651515154,0,0.5,0.5
30.196969681818185,0,0.5,0.5
30.227272712121216,0,0.5,0.5
30.257575742424244,0,0.5,0.5
30.287878772727275,0,0.5,0.5
30.318181803030306,0,0.5,0.5
30.348484833333337,0,0.5,0.5
30.378787863636365,0,0.5,0.5
30.409090893939396,0,0.5,0.5
30.439393924242427,0,0.5,0.5
30.46969695454546,0,0.5,0.5
30.499999984848486,0,0.5,0.5
30.530303015151517,0,0.5,0.5
30.56060604545455,0,0.5,0.5
30.59090907575758,0,0.5,0.5
30.621212106060607,0,0.5,0.5
30.65151513636364,0,0.5,0.5
30.68181816666667,0,0.5,0.5
30.7121211969697,0,0.5,0.5
30.74242422727273,0,0.5,0.5
30.77272725757576,0,0.5,0.5
30.80303028787879,0,0.5,0.5
30.833333318181822,0,0.5,0.5
30.86363634848485,0,0.5,0.5
30.89393937878788,0,0.5,0.5
30.924242409090912,0,0.5,0.5
30.954545439393943,0,0.5,0.5
30.98484846969697,0,0.5,0.5
31.0151515,0,0.5,0.5
31.045454530303033,0,0.5,0.5
31.075757560606064,0,0.5,0.5
31.106060590909095,0,0.5,0.5
31.136363621212123,0,0.5,0.5
31.166666651515154,0,0.5,0.5
31.196969681818185,0,0.5,0.5
31.227272712121216,0,0.5,0.5
31.257575742424244,0,0.5,0.5
31.287878772727275,0,0.5,0.5
31.318181803030306,0,0.5,0.5
31.348484833333337,0,0.5,0.5
31.378787863636365,0,0.5,0.5
31.409090893939396,0,0.5,0.5
31.439393924242427,0,0.5,0.5
31.46969695454546,0,0.5,0.5
31.499999984848486,0,0.5,0.5
31.530303015151517,0,0.5,0.5
31.56060604545455,0,0.5,0.5
31.59090907575758,0,0.5,0.5
31.621212106060607,0,0.5,0.5
