Time (seconds), Duration (seconds),pred_unlabelled,pred_click,pred_right,pred_left
0.01515,1.96970,0.99142,0.00161,0.00394,0.00303
0.10606,1.96970,0.98597,0.00581,0.00416,0.00407
0.19697,1.96970,0.99196,0.00191,0.00373,0.00240
0.28788,1.96970,0.93692,0.03072,0.00693,0.02543
0.37879,1.96970,0.99260,0.00223,0.00322,0.00196
0.46970,1.96970,0.02884,0.95965,0.00345,0.00807
0.56061,1.96970,0.98864,0.00399,0.00249,0.00488
0.65152,1.96970,0.98899,0.00435,0.00182,0.00483
0.74242,1.96970,0.98928,0.00536,0.00238,0.00298
0.83333,1.96970,0.98156,0.01443,0.00130,0.00272
0.92424,1.96970,0.99870,0.00049,0.00048,0.00034
1.01515,1.96970,0.99876,0.00052,0.00026,0.00047
1.10606,1.96970,0.99954,0.00017,0.00022,0.00008
1.19697,1.96970,0.99804,0.00125,0.00026,0.00045
1.28788,1.96970,0.99958,0.00012,0.00021,0.00009
1.37879,1.96970,0.99975,0.00006,0.00008,0.00011
1.46970,1.96970,0.99952,0.00016,0.00020,0.00012
1.56061,1.96970,0.99951,0.00017,0.00018,0.00013
1.65152,1.96970,0.99964,0.00007,0.00020,0.00009
1.74242,1.96970,0.99930,0.00015,0.00041,0.00014
1.83333,1.96970,0.99940,0.00012,0.00025,0.00024
1.92424,1.96970,0.99897,0.00018,0.00051,0.00034
2.01515,1.96970,0.99493,0.00091,0.00243,0.00174
2.10606,1.96970,0.99442,0.00148,0.00215,0.00195
2.19697,1.96970,0.99395,0.00122,0.00255,0.00228
2.28788,1.96970,0.99474,0.00121,0.00212,0.00193
2.37879,1.96970,0.99005,0.00205,0.00426,0.00365
2.46970,1.96970,0.98763,0.00497,0.00292,0.00448
2.56061,1.96970,0.98553,0.00458,0.00412,0.00578
2.65152,1.96970,0.91041,0.04920,0.00754,0.03284
2.74242,1.96970,0.98813,0.00220,0.00484,0.00483
2.83333,1.96970,0.12275,0.85002,0.00385,0.02338
2.92424,1.96970,0.97916,0.00746,0.00369,0.00969
3.01515,1.96970,0.96410,0.02421,0.00225,0.00944
3.10606,1.96970,0.99594,0.00104,0.00121,0.00181
3.19697,1.96970,0.95435,0.03602,0.00103,0.00861
3.28788,1.96970,0.99784,0.00081,0.00061,0.00074
3.37879,1.96970,0.98952,0.00637,0.00064,0.00347
3.46970,1.96970,0.99961,0.00006,0.00024,0.00009
3.56061,1.96970,0.97521,0.02066,0.00040,0.00372
3.65152,1.96970,0.99978,0.00003,0.00012,0.00007
3.74242,1.96970,0.99321,0.00548,0.00066,0.00065
3.83333,1.96970,0.99964,0.00007,0.00023,0.00006
3.92424,1.96970,0.99880,0.00053,0.00039,0.00028
4.01515,1.96970,0.99969,0.00006,0.00016,0.00009
4.10606,1.96970,0.99967,0.00004,0.00020,0.00009
4.19697,1.96970,0.99777,0.00031,0.00115,0.00077
4.28788,1.96970,0.99231,0.00087,0.00482,0.00200
4.37879,1.96970,0.98916,0.00100,0.00747,0.00238
4.46970,1.96970,0.99039,0.00088,0.00639,0.00234
4.56061,1.96970,0.97505,0.00147,0.01958,0.00390
4.65152,1.96970,0.94026,0.00239,0.05229,0.00506
4.74242,1.96970,0.88848,0.00339,0.10101,0.00712
4.83333,1.96970,0.96093,0.00158,0.03461,0.00288
4.92424,1.96970,0.88751,0.00288,0.10152,0.00808
5.01515,1.96970,0.90579,0.00226,0.08730,0.00466
5.10606,1.96970,0.07083,0.00313,0.92259,0.00345
5.19697,1.96970,0.96414,0.00089,0.03328,0.00169
5.28788,1.96970,0.94581,0.00094,0.05020,0.00305
5.37879,1.96970,0.87461,0.00110,0.12124,0.00304
5.46970,1.96970,0.92834,0.00071,0.06933,0.00162
5.56061,1.96970,0.99505,0.00013,0.00455,0.00027
5.65152,1.96970,0.99553,0.00007,0.00404,0.00036
5.74242,1.96970,0.99828,0.00004,0.00151,0.00017
5.83333,1.96970,0.99481,0.00010,0.00476,0.00033
5.92424,1.96970,0.99930,0.00003,0.00060,0.00008
6.01515,1.96970,0.99977,0.00002,0.00013,0.00009
6.10606,1.96970,0.99962,0.00003,0.00025,0.00009
6.19697,1.96970,0.99970,0.00004,0.00019,0.00007
6.28788,1.96970,0.99949,0.00008,0.00034,0.00009
6.37879,1.96970,0.99964,0.00006,0.00016,0.00014
6.46970,1.96970,0.99479,0.00099,0.00250,0.00172
6.56061,1.96970,0.99479,0.00099,0.00250,0.00172
6.65152,1.96970,0.99478,0.00100,0.00250,0.00172
6.74242,1.96970,0.99467,0.00101,0.00242,0.00189
6.83333,1.96970,0.99468,0.00106,0.00229,0.00198
6.92424,1.96970,0.99425,0.00097,0.00254,0.00224
7.01515,1.96970,0.99480,0.00100,0.00227,0.00193
7.10606,1.96970,0.99059,0.00111,0.00406,0.00424
7.19697,1.96970,0.98777,0.00143,0.00462,0.00618
7.28788,1.96970,0.98725,0.00172,0.00419,0.00684
7.37879,1.96970,0.98975,0.00140,0.00288,0.00596
7.46970,1.96970,0.98173,0.00139,0.00644,0.01043
7.56061,1.96970,0.33970,0.00841,0.01634,0.63555
7.65152,1.96970,0.92785,0.00385,0.00629,0.06202
7.74242,1.96970,0.99258,0.00122,0.00208,0.00413
7.83333,1.96970,0.92035,0.00279,0.00678,0.07007
7.92424,1.96970,0.76558,0.00414,0.00891,0.22136
8.01515,1.96970,0.97880,0.00170,0.00189,0.01761
8.10606,1.96970,0.99735,0.00028,0.00052,0.00185
8.19697,1.96970,0.99790,0.00013,0.00055,0.00142
8.28788,1.96970,0.97225,0.00047,0.00102,0.02626
8.37879,1.96970,0.99958,0.00004,0.00013,0.00025
8.46970,1.96970,0.99964,0.00004,0.00016,0.00016
8.56061,1.96970,0.99969,0.00002,0.00019,0.00010
8.65152,1.96970,0.99970,0.00002,0.00017,0.00011
8.74242,1.96970,0.99965,0.00005,0.00016,0.00014
8.83333,1.96970,0.99968,0.00002,0.00022,0.00009
8.92424,1.96970,0.99950,0.00007,0.00025,0.00019
9.01515,1.96970,0.99961,0.00006,0.00018,0.00016
9.10606,1.96970,0.99479,0.00099,0.00250,0.00172
9.19697,1.96970,0.99479,0.00099,0.00250,0.00172
9.28788,1.96970,0.99479,0.00099,0.00250,0.00172
9.37879,1.96970,0.99479,0.00099,0.00250,0.00172
9.46970,1.96970,0.99479,0.00099,0.00250,0.00172
9.56061,1.96970,0.99479,0.00099,0.00250,0.00172
9.65152,1.96970,0.99479,0.00099,0.00250,0.00172
9.74242,1.96970,0.99479,0.00099,0.00250,0.00172
9.83333,1.96970,0.99479,0.00099,0.00250,0.00172
