Time (seconds), Duration (seconds),pred_unlabelled,pred_left,pred_square,pred_circle,pred_right
0.01000,0.98000,0.97083,0.01733,0.00047,0.01073,0.00064
0.21000,0.98000,0.97119,0.01760,0.00044,0.01014,0.00062
0.41000,0.98000,0.96032,0.02785,0.00052,0.01059,0.00072
0.61000,0.98000,0.94679,0.03842,0.00049,0.01349,0.00081
0.81000,0.98000,0.84157,0.14817,0.00078,0.00842,0.00107
1.01000,0.98000,0.65537,0.34001,0.00047,0.00275,0.00140
1.21000,0.98000,0.00712,0.99197,0.00020,0.00041,0.00030
1.41000,0.98000,0.00103,0.99873,0.00003,0.00011,0.00011
1.61000,0.98000,0.00221,0.99765,0.00002,0.00003,0.00010
1.81000,0.98000,0.02511,0.97465,0.00003,0.00010,0.00011
2.01000,0.98000,0.97052,0.02840,0.00003,0.00013,0.00091
2.21000,0.98000,0.99907,0.00037,0.00003,0.00003,0.00049
2.41000,0.98000,0.95994,0.03455,0.00076,0.00206,0.00269
2.61000,0.98000,0.95387,0.03861,0.00091,0.00340,0.00321
2.81000,0.98000,0.95949,0.03376,0.00081,0.00309,0.00285
3.01000,0.98000,0.96215,0.03142,0.00076,0.00296,0.00270
3.21000,0.98000,0.96303,0.03080,0.00073,0.00282,0.00261
3.41000,0.98000,0.96797,0.02175,0.00291,0.00381,0.00357
3.61000,0.98000,0.89141,0.02079,0.06961,0.00579,0.01240
3.81000,0.98000,0.00702,0.00034,0.99002,0.00109,0.00152
4.01000,0.98000,0.00006,0.00001,0.99983,0.00005,0.00005
4.21000,0.98000,0.00004,0.00000,0.99991,0.00001,0.00004
4.41000,0.98000,0.00565,0.00041,0.99376,0.00002,0.00016
4.61000,0.98000,0.00021,0.00001,0.99970,0.00001,0.00006
4.81000,0.98000,0.99870,0.00043,0.00068,0.00003,0.00016
5.01000,0.98000,0.99894,0.00011,0.00005,0.00005,0.00085
5.21000,0.98000,0.99889,0.00069,0.00005,0.00016,0.00021
5.41000,0.98000,0.99128,0.00775,0.00013,0.00042,0.00041
5.61000,0.98000,0.95591,0.03686,0.00093,0.00299,0.00331
5.81000,0.98000,0.95520,0.03703,0.00101,0.00324,0.00353
6.01000,0.98000,0.95271,0.03507,0.00191,0.00633,0.00399
6.21000,0.98000,0.72059,0.01832,0.00583,0.24384,0.01143
6.41000,0.98000,0.00934,0.00047,0.00196,0.98704,0.00120
6.61000,0.98000,0.00059,0.00003,0.00105,0.99801,0.00032
6.81000,0.98000,0.00037,0.00001,0.00027,0.99919,0.00016
7.01000,0.98000,0.01464,0.00014,0.00011,0.98504,0.00008
7.21000,0.98000,0.92956,0.00049,0.00054,0.06818,0.00123
7.41000,0.98000,0.99672,0.00009,0.00019,0.00267,0.00034
7.61000,0.98000,0.99959,0.00018,0.00002,0.00010,0.00009
7.81000,0.98000,0.99738,0.00231,0.00004,0.00007,0.00019
8.01000,0.98000,0.96906,0.02623,0.00052,0.00222,0.00198
8.21000,0.98000,0.96646,0.02822,0.00060,0.00247,0.00224
8.41000,0.98000,0.97907,0.01534,0.00056,0.00244,0.00259
8.61000,0.98000,0.93191,0.02128,0.00104,0.00258,0.04319
8.81000,0.98000,0.05328,0.00437,0.00134,0.00187,0.93913
9.01000,0.98000,0.00378,0.00041,0.00033,0.00022,0.99526
9.21000,0.98000,0.00086,0.00006,0.00012,0.00008,0.99888
9.41000,0.98000,0.01121,0.00006,0.00104,0.00014,0.98755
9.61000,0.98000,0.99214,0.00300,0.00020,0.00006,0.00461
9.81000,0.98000,0.98588,0.01235,0.00026,0.00032,0.00119
10.01000,0.98000,0.95890,0.03435,0.00082,0.00297,0.00297
10.21000,0.98000,0.95965,0.03363,0.00081,0.00304,0.00287
10.41000,0.98000,0.95969,0.03365,0.00080,0.00300,0.00286
10.61000,0.98000,0.95915,0.03417,0.00079,0.00300,0.00288
10.81000,0.98000,0.64966,0.33427,0.00200,0.00568,0.00839
11.01000,0.98000,0.64285,0.34136,0.00136,0.00424,0.01020
11.21000,0.98000,0.11228,0.88213,0.00079,0.00154,0.00326
11.41000,0.98000,0.00065,0.99915,0.00002,0.00005,0.00013
11.61000,0.98000,0.00869,0.99040,0.00003,0.00014,0.00075
11.81000,0.98000,0.35203,0.64541,0.00009,0.00071,0.00176
12.01000,0.98000,0.99848,0.00064,0.00005,0.00002,0.00081
12.21000,0.98000,0.98009,0.01780,0.00032,0.00063,0.00115
12.41000,0.98000,0.95258,0.03948,0.00113,0.00323,0.00357
12.61000,0.98000,0.95196,0.03933,0.00121,0.00361,0.00389
12.81000,0.98000,0.95265,0.03843,0.00125,0.00369,0.00398
13.01000,0.98000,0.95446,0.02952,0.00393,0.00684,0.00524
13.21000,0.98000,0.94414,0.01256,0.02496,0.00816,0.01018
13.41000,0.98000,0.01826,0.00094,0.97412,0.00318,0.00349
13.61000,0.98000,0.00037,0.00002,0.99916,0.00021,0.00024
13.81000,0.98000,0.00052,0.00001,0.99914,0.00004,0.00029
14.01000,0.98000,0.01101,0.00037,0.98832,0.00013,0.00016
14.21000,0.98000,0.00017,0.00001,0.99962,0.00009,0.00011
14.41000,0.98000,0.00049,0.00004,0.99937,0.00003,0.00008
14.61000,0.98000,0.91867,0.00139,0.07703,0.00150,0.00140
14.81000,0.98000,0.99941,0.00017,0.00007,0.00006,0.00029
15.01000,0.98000,0.99458,0.00504,0.00008,0.00015,0.00016
15.21000,0.98000,0.97249,0.02093,0.00088,0.00269,0.00301
15.41000,0.98000,0.95685,0.03478,0.00115,0.00339,0.00383
15.61000,0.98000,0.95873,0.03311,0.00111,0.00331,0.00373
15.81000,0.98000,0.95924,0.02608,0.00236,0.00761,0.00471
16.01000,0.98000,0.68230,0.02224,0.00550,0.28032,0.00964
16.21000,0.98000,0.00666,0.00039,0.00150,0.99062,0.00083
16.41000,0.98000,0.00043,0.00003,0.00044,0.99900,0.00010
16.61000,0.98000,0.00027,0.00001,0.00006,0.99961,0.00005
16.81000,0.98000,0.00107,0.00004,0.00004,0.99881,0.00004
17.01000,0.98000,0.92047,0.00084,0.00037,0.07771,0.00062
17.21000,0.98000,0.97573,0.00056,0.00014,0.02284,0.00073
17.41000,0.98000,0.99650,0.00027,0.00014,0.00280,0.00028
17.61000,0.98000,0.99944,0.00042,0.00002,0.00004,0.00008
17.81000,0.98000,0.95537,0.03915,0.00087,0.00164,0.00298
18.01000,0.98000,0.95223,0.03854,0.00126,0.00378,0.00419
18.21000,0.98000,0.96395,0.02657,0.00114,0.00439,0.00395
18.41000,0.98000,0.95557,0.02357,0.00119,0.00221,0.01746
18.61000,0.98000,0.18951,0.02023,0.00235,0.00327,0.78464
18.81000,0.98000,0.00301,0.00033,0.00025,0.00036,0.99606
19.01000,0.98000,0.00048,0.00005,0.00007,0.00006,0.99933
19.21000,0.98000,0.00955,0.00004,0.00103,0.00022,0.98916
19.41000,0.98000,0.97465,0.00286,0.00049,0.00005,0.02195
19.61000,0.98000,0.99921,0.00063,0.00002,0.00002,0.00011
19.81000,0.98000,0.95582,0.03581,0.00109,0.00352,0.00376
20.01000,0.98000,0.95081,0.04006,0.00125,0.00383,0.00405
