# Time (seconds),f0,f1,f2
0.0151515,0,0.5,0.5
0.0454545303030303,0,0.5,0.5
0.0757575606060606,0,0.5,0.5
0.10606059090909091,0,0.5,0.5
0.13636362121212123,0,0.5,0.5
0.16666665151515153,0,0.5,0.5
0.19696968181818184,0,0.5,0.5
0.22727271212121214,0,0.5,0.5
0.2575757424242424,0,0.5,0.5
0.2878787727272727,0,0.5,0.5
0.318181803030303,0,0.5,0.5
0.34848483333333335,0,0.5,0.5
0.37878786363636363,0,0.5,0.5
0.4090908939393939,0,0.5,0.5
0.43939392424242424,0,0.5,0.5
0.46969695454545457,0,0.5,0.5
0.49999998484848485,0,0.5,0.5
0.5303030151515151,0,0.5,0.5
0.5606060454545454,0,0.5,0.5
0.5909090757575758,0,0.5,0.5
0.6212121060606061,0,0.5,0.5
0.6515151363636363,0,0.5,0.5
0.6818181666666667,0,0.5,0.5
0.712121196969697,0,0.5,0.5
0.7424242272727273,0,0.5,0.5
0.7727272575757576,0,0.5,0.5
0.8030302878787878,0,0.5,0.5
0.8333333181818182,0,0.5,0.5
0.8636363484848485,0,0.5,0.5
0.8939393787878788,0,0.5,0.5
0.9242424090909092,0,0.5,0.5
0.9545454393939394,0,0.5,0.5
0.9848484696969697,0,0.5,0.5
1.0151515,0,0.5,0.5
1.0454545303030303,0,0.5,0.5
1.0757575606060605,0,0.5,0.5
1.1060605909090908,0,0.5,0.5
1.1363636212121213,0,0.5,0.5
1.1666666515151516,0,0.5,0.5
1.1969696818181819,0,0.5,0.5
1.2272727121212121,0,0.5,0.5
1.2575757424242424,0,0.5,0.5
1.2878787727272727,0,0.5,0.5
1.318181803030303,0,0.5,0.5
1.3484848333333335,0.1875,0.321841835975647,0.5637543797492981
1.3787878636363637,0.15625,0.3152410387992859,0.6206266283988953
1.409090893939394,0.15625,0.37516331672668457,0.16446001827716827
1.4393939242424243,0.125,0.20055130124092102,0.5941637754440308
1.4696969545454546,0.09375,0.5202086567878723,0.3709036111831665
1.4999999848484848,0.09375,0.6058170795440674,0.04812292009592056
1.5303030151515151,0.03125,0.16651862859725952,0.4027041792869568
1.5606060454545454,0.03125,0.4140092134475708,0.39228227734565735
1.5909090757575757,0.0625,0.5712445378303528,0.17197750508785248
1.6212121060606062,0.03125,0.30732959508895874,0.42763206362724304
1.6515151363636364,0.0625,0.8191745281219482,0.3174201548099518
1.6818181666666667,0.09375,0.8389639854431152,0.39892417192459106
1.712121196969697,0.09375,0.42815643548965454,0.1747276484966278
1.7424242272727273,0.09375,0.3674989640712738,0.47855493426322937
1.7727272575757576,0.125,0.2973734736442566,0.5930027365684509
1.8030302878787878,0.15625,0.3221167027950287,0.5615173578262329
1.8333333181818183,0.15625,0.3378199636936188,0.5352685451507568
1.8636363484848486,0,0.5,0.5
1.8939393787878789,0,0.5,0.5
1.9242424090909092,0.21875,0.23957914113998413,0.5878558158874512
1.9545454393939394,0,0.5,0.5
1.9848484696969697,0,0.5,0.5
2.0151515,0,0.5,0.5
2.0454545303030303,0,0.5,0.5
2.0757575606060605,0,0.5,0.5
2.106060590909091,0,0.5,0.5
2.136363621212121,0,0.5,0.5
2.1666666515151514,0,0.5,0.5
2.1969696818181816,0,0.5,0.5
2.2272727121212124,0,0.5,0.5
2.2575757424242426,0,0.5,0.5
2.287878772727273,0,0.5,0.5
2.318181803030303,0,0.5,0.5
2.3484848333333335,0,0.5,0.5
2.3787878636363637,0,0.5,0.5
2.409090893939394,0,0.5,0.5
2.4393939242424243,0,0.5,0.5
2.4696969545454546,0,0.5,0.5
2.499999984848485,0,0.5,0.5
2.530303015151515,0,0.5,0.5
2.5606060454545454,0,0.5,0.5
2.5909090757575757,0,0.5,0.5
2.621212106060606,0,0.5,0.5
2.6515151363636362,0,0.5,0.5
2.681818166666667,0,0.5,0.5
2.7121211969696972,0,0.5,0.5
2.7424242272727275,0,0.5,0.5
2.7727272575757578,0,0.5,0.5
2.803030287878788,0,0.5,0.5
2.8333333181818183,0,0.5,0.5
2.8636363484848486,0,0.5,0.5
2.893939378787879,0,0.5,0.5
2.924242409090909,0,0.5,0.5
2.9545454393939394,0,0.5,0.5
2.9848484696969697,0,0.5,0.5
3.0151515,0,0.5,0.5
3.0454545303030303,0,0.5,0.5
3.0757575606060605,0,0.5,0.5
3.106060590909091,0,0.5,0.5
3.136363621212121,0,0.5,0.5
3.1666666515151514,0,0.5,0.5
3.196969681818182,0,0.5,0.5
3.2272727121212124,0,0.5,0.5
3.2575757424242426,0,0.5,0.5
3.287878772727273,0,0.5,0.5
3.318181803030303,0,0.5,0.5
3.3484848333333335,0,0.5,0.5
3.3787878636363637,0,0.5,0.5
3.409090893939394,0,0.5,0.5
3.4393939242424243,0,0.5,0.5
3.4696969545454546,0,0.5,0.5
3.499999984848485,0,0.5,0.5
3.530303015151515,0,0.5,0.5
3.5606060454545454,0,0.5,0.5
3.5909090757575757,0,0.5,0.5
3.621212106060606,0,0.5,0.5
3.6515151363636367,0,0.5,0.5
3.681818166666667,0,0.5,0.5
3.7121211969696972,0,0.5,0.5
3.7424242272727275,0,0.5,0.5
3.7727272575757578,0,0.5,0.5
3.803030287878788,0,0.5,0.5
3.8333333181818183,0,0.5,0.5
3.8636363484848486,0,0.5,0.5
3.893939378787879,0,0.5,0.5
3.924242409090909,0,0.5,0.5
3.9545454393939394,0,0.5,0.5
3.9848484696969697,0,0.5,0.5
4.0151515,0,0.5,0.5
4.04545453030303,0,0.5,0.5
4.0757575606060605,0,0.5,0.5
4.106060590909091,0,0.5,0.5
4.136363621212121,0,0.5,0.5
4.166666651515151,0,0.5,0.5
4.196969681818182,0,0.5,0.5
4.227272712121212,0,0.5,0.5
4.257575742424242,0,0.5,0.5
4.2878787727272725,0,0.5,0.5
4.318181803030303,0,0.5,0.5
4.348484833333333,0,0.5,0.5
4.378787863636363,0,0.5,0.5
4.4090908939393945,0,0.5,0.5
4.439393924242425,0,0.5,0.5
4.469696954545455,0,0.5,0.5
4.499999984848485,0,0.5,0.5
4.530303015151516,0,0.5,0.5
4.560606045454546,0,0.5,0.5
4.590909075757576,0,0.5,0.5
4.621212106060606,0,0.5,0.5
4.651515136363637,0,0.5,0.5
4.681818166666667,0,0.5,0.5
4.712121196969697,0.4375,0.7240402698516846,0.9039479494094849
4.7424242272727275,0.15625,0.8378679752349854,0.46684765815734863
4.772727257575758,0,0.5,0.5
4.803030287878788,0.09375,0.6588374972343445,0.5481950640678406
4.833333318181818,0.09375,0.7753781676292419,0.5691074132919312
4.863636348484849,0.09375,0.542716920375824,0.6814113855361938
4.893939378787879,0.09375,0.6580654382705688,0.1022343710064888
4.924242409090909,0.0625,0.5397149920463562,0.28995808959007263
4.954545439393939,0.0625,0.3057870864868164,0.34613096714019775
4.98484846969697,0.0625,0.3292141258716583,0.38541436195373535
5.0151515,0.0625,0.2101699560880661,0.3815770447254181
5.04545453030303,0.09375,0.18507348001003265,0.19100478291511536
5.0757575606060605,0.09375,0.13735270500183105,0.29569584131240845
5.106060590909091,0.125,0.09290080517530441,0.3273712992668152
5.136363621212121,0,0.5,0.5
5.166666651515151,0,0.5,0.5
5.196969681818182,0,0.5,0.5
5.227272712121212,0,0.5,0.5
5.257575742424242,0,0.5,0.5
5.2878787727272725,0,0.5,0.5
5.318181803030303,0,0.5,0.5
5.348484833333334,0,0.5,0.5
5.378787863636364,0,0.5,0.5
5.4090908939393945,0,0.5,0.5
5.439393924242425,0,0.5,0.5
5.469696954545455,0,0.5,0.5
5.499999984848485,0,0.5,0.5
5.530303015151516,0,0.5,0.5
5.560606045454546,0,0.5,0.5
5.590909075757576,0,0.5,0.5
5.621212106060606,0,0.5,0.5
5.651515136363637,0,0.5,0.5
5.681818166666667,0,0.5,0.5
5.712121196969697,0,0.5,0.5
5.7424242272727275,0,0.5,0.5
5.772727257575758,0,0.5,0.5
5.803030287878788,0,0.5,0.5
5.833333318181818,0,0.5,0.5
5.863636348484849,0,0.5,0.5
5.893939378787879,0,0.5,0.5
5.924242409090909,0,0.5,0.5
5.954545439393939,0,0.5,0.5
5.98484846969697,0,0.5,0.5
6.0151515,0,0.5,0.5
6.04545453030303,0,0.5,0.5
6.0757575606060605,0,0.5,0.5
6.106060590909091,0,0.5,0.5
6.136363621212121,0,0.5,0.5
6.166666651515151,0,0.5,0.5
6.196969681818182,0,0.5,0.5
6.227272712121212,0,0.5,0.5
6.257575742424242,0,0.5,0.5
6.2878787727272725,0,0.5,0.5
6.318181803030303,0,0.5,0.5
6.348484833333334,0,0.5,0.5
6.378787863636364,0,0.5,0.5
6.4090908939393945,0,0.5,0.5
6.439393924242425,0,0.5,0.5
6.469696954545455,0,0.5,0.5
6.499999984848485,0,0.5,0.5
6.530303015151516,0,0.5,0.5
6.560606045454546,0,0.5,0.5
6.590909075757576,0,0.5,0.5
6.621212106060606,0,0.5,0.5
6.651515136363637,0,0.5,0.5
6.681818166666667,0,0.5,0.5
6.712121196969697,0,0.5,0.5
6.7424242272727275,0,0.5,0.5
6.772727257575758,0,0.5,0.5
6.803030287878788,0,0.5,0.5
6.833333318181818,0,0.5,0.5
6.863636348484849,0,0.5,0.5
6.893939378787879,0,0.5,0.5
6.924242409090909,0,0.5,0.5
6.954545439393939,0.125,0.09537056088447571,0.39441388845443726
6.98484846969697,0.09375,0.16390737891197205,0.34191539883613586
7.0151515,0.09375,0.19169266521930695,0.34216177463531494
7.04545453030303,0.0625,0.23906806111335754,0.39999327063560486
7.0757575606060605,0.0625,0.29332295060157776,0.3592967987060547
7.106060590909091,0.09375,0.1879940778017044,0.6187360286712646
7.136363621212121,0.09375,0.28593021631240845,0.7363488674163818
7.166666651515151,0.09375,0.6171984076499939,0.3606072664260864
7.196969681818182,0.09375,0.7063867449760437,0.38348388671875
7.227272712121212,0.09375,0.6289982199668884,0.7672357559204102
7.257575742424242,0.09375,0.7124201059341431,0.38017457723617554
7.287878772727273,0.125,0.8222092390060425,0.46628934144973755
7.318181803030304,0.125,0.809045135974884,0.4800003468990326
7.348484833333334,0,0.5,0.5
7.378787863636364,0,0.5,0.5
7.4090908939393945,0,0.5,0.5
7.439393924242425,0,0.5,0.5
7.469696954545455,0,0.5,0.5
7.499999984848485,0,0.5,0.5
7.530303015151516,0,0.5,0.5
7.560606045454546,0,0.5,0.5
7.590909075757576,0,0.5,0.5
7.621212106060606,0,0.5,0.5
7.651515136363637,0,0.5,0.5
7.681818166666667,0,0.5,0.5
7.712121196969697,0,0.5,0.5
7.7424242272727275,0,0.5,0.5
7.772727257575758,0,0.5,0.5
7.803030287878788,0,0.5,0.5
7.833333318181818,0,0.5,0.5
7.863636348484849,0,0.5,0.5
7.893939378787879,0,0.5,0.5
7.924242409090909,0,0.5,0.5
7.954545439393939,0,0.5,0.5
7.98484846969697,0,0.5,0.5
8.0151515,0,0.5,0.5
8.045454530303031,0,0.5,0.5
8.07575756060606,0,0.5,0.5
8.106060590909092,0,0.5,0.5
8.136363621212121,0,0.5,0.5
8.166666651515152,0,0.5,0.5
8.196969681818182,0,0.5,0.5
8.227272712121213,0,0.5,0.5
8.257575742424242,0,0.5,0.5
8.287878772727273,0,0.5,0.5
8.318181803030303,0,0.5,0.5
8.348484833333334,0,0.5,0.5
8.378787863636363,0,0.5,0.5
8.409090893939394,0,0.5,0.5
8.439393924242424,0,0.5,0.5
8.469696954545455,0,0.5,0.5
8.499999984848484,0,0.5,0.5
8.530303015151516,0,0.5,0.5
8.560606045454545,0,0.5,0.5
8.590909075757576,0,0.5,0.5
8.621212106060606,0,0.5,0.5
8.651515136363637,0,0.5,0.5
8.681818166666666,0,0.5,0.5
8.712121196969697,0,0.5,0.5
8.742424227272727,0,0.5,0.5
8.772727257575758,0,0.5,0.5
8.803030287878789,0,0.5,0.5
8.833333318181818,0,0.5,0.5
8.86363634848485,0,0.5,0.5
8.893939378787879,0,0.5,0.5
8.92424240909091,0,0.5,0.5
8.95454543939394,0,0.5,0.5
8.98484846969697,0,0.5,0.5
9.0151515,0,0.5,0.5
9.045454530303031,0,0.5,0.5
9.07575756060606,0,0.5,0.5
9.106060590909092,0,0.5,0.5
9.136363621212121,0,0.5,0.5
9.166666651515152,0.125,0.8413785696029663,0.4109830856323242
9.196969681818182,0.125,0.9650925993919373,0.9362697005271912
9.227272712121213,0.09375,0.6828938126564026,0.519029438495636
9.257575742424242,0.09375,0.6641048192977905,0.7341247200965881
9.287878772727273,0.09375,0.7731732726097107,0.4140695035457611
9.318181803030303,0.09375,0.6126989126205444,0.2786753177642822
9.348484833333334,0.09375,0.6475973129272461,0.30765122175216675
9.378787863636363,0.09375,0.6052590608596802,0.5970082879066467
9.409090893939394,0.09375,0.41162219643592834,0.09410560876131058
9.439393924242424,0.09375,0.2966497540473938,0.19436220824718475
9.469696954545455,0.125,0.08681294322013855,0.5290018320083618
9.499999984848484,0.125,0.05295819789171219,0.9327185750007629
9.530303015151516,0.125,0.11066946387290955,0.34148961305618286
9.560606045454545,0,0.5,0.5
9.590909075757576,0,0.5,0.5
9.621212106060606,0,0.5,0.5
9.651515136363637,0,0.5,0.5
9.681818166666666,0,0.5,0.5
9.712121196969697,0,0.5,0.5
9.742424227272728,0,0.5,0.5
9.772727257575758,0,0.5,0.5
9.803030287878789,0,0.5,0.5
9.833333318181818,0,0.5,0.5
9.86363634848485,0,0.5,0.5
9.893939378787879,0,0.5,0.5
9.92424240909091,0,0.5,0.5
9.95454543939394,0,0.5,0.5
9.98484846969697,0,0.5,0.5
10.0151515,0,0.5,0.5
10.045454530303031,0,0.5,0.5
10.07575756060606,0,0.5,0.5
10.106060590909092,0,0.5,0.5
10.136363621212121,0,0.5,0.5
10.166666651515152,0,0.5,0.5
10.196969681818182,0,0.5,0.5
10.227272712121213,0,0.5,0.5
10.257575742424242,0,0.5,0.5
10.287878772727273,0,0.5,0.5
10.318181803030303,0,0.5,0.5
10.348484833333334,0,0.5,0.5
10.378787863636363,0,0.5,0.5
10.409090893939394,0,0.5,0.5
10.439393924242424,0,0.5,0.5
10.469696954545455,0,0.5,0.5
10.499999984848484,0,0.5,0.5
10.530303015151516,0,0.5,0.5
10.560606045454545,0,0.5,0.5
10.590909075757576,0,0.5,0.5
10.621212106060606,0,0.5,0.5
10.651515136363637,0,0.5,0.5
10.681818166666668,0,0.5,0.5
10.712121196969697,0,0.5,0.5
10.742424227272728,0,0.5,0.5
10.772727257575758,0,0.5,0.5
10.803030287878789,0,0.5,0.5
10.833333318181818,0,0.5,0.5
10.86363634848485,0,0.5,0.5
10.893939378787879,0,0.5,0.5
10.92424240909091,0,0.5,0.5
10.95454543939394,0,0.5,0.5
10.98484846969697,0,0.5,0.5
11.0151515,0,0.5,0.5
11.045454530303031,0,0.5,0.5
11.07575756060606,0,0.5,0.5
11.106060590909092,0,0.5,0.5
11.136363621212121,0,0.5,0.5
11.166666651515152,0,0.5,0.5
11.196969681818182,0,0.5,0.5
11.227272712121213,0,0.5,0.5
11.257575742424242,0,0.5,0.5
11.287878772727273,0,0.5,0.5
11.318181803030303,0,0.5,0.5
11.348484833333334,0,0.5,0.5
11.378787863636363,0,0.5,0.5
11.409090893939394,0,0.5,0.5
11.439393924242424,0,0.5,0.5
11.469696954545455,0,0.5,0.5
11.499999984848484,0.125,0.16348758339881897,0.3837568461894989
11.530303015151516,0.09375,0.1945830136537552,0.44046640396118164
11.560606045454545,0.125,0.24658778309822083,0.13429903984069824
11.590909075757576,0.125,0.3117399215698242,0.30332955718040466
11.621212106060606,0.09375,0.33400875329971313,0.03822009265422821
11.651515136363637,0.09375,0.26613274216651917,0.6121305227279663
11.681818166666668,0.09375,0.6520644426345825,0.22926299273967743
11.712121196969697,0.09375,0.7055243849754333,0.6692253947257996
11.742424227272728,0.125,0.7039350867271423,0.31169071793556213
11.772727257575758,0.09375,0.6355984807014465,0.3648555278778076
11.803030287878789,0.125,0.7689784169197083,0.32207801938056946
11.833333318181818,0.15625,0.7637543678283691,0.25863751769065857
11.86363634848485,0.15625,0.7974507808685303,0.20200210809707642
11.893939378787879,0.15625,0.801676869392395,0.3619369864463806
11.92424240909091,0,0.5,0.5
11.95454543939394,0,0.5,0.5
11.98484846969697,0.1875,0.9885300993919373,0.4659348726272583
12.0151515,0,0.5,0.5
12.045454530303031,0,0.5,0.5
12.07575756060606,0,0.5,0.5
12.106060590909092,0,0.5,0.5
12.136363621212121,0,0.5,0.5
12.166666651515152,0,0.5,0.5
12.196969681818182,0,0.5,0.5
12.227272712121213,0,0.5,0.5
12.257575742424242,0,0.5,0.5
12.287878772727273,0,0.5,0.5
12.318181803030303,0,0.5,0.5
12.348484833333334,0,0.5,0.5
12.378787863636363,0,0.5,0.5
12.409090893939394,0,0.5,0.5
12.439393924242424,0,0.5,0.5
12.469696954545455,0,0.5,0.5
12.499999984848484,0,0.5,0.5
12.530303015151516,0,0.5,0.5
12.560606045454545,0,0.5,0.5
12.590909075757576,0,0.5,0.5
12.621212106060606,0,0.5,0.5
12.651515136363637,0,0.5,0.5
12.681818166666668,0,0.5,0.5
12.712121196969697,0,0.5,0.5
12.742424227272728,0,0.5,0.5
12.772727257575758,0,0.5,0.5
12.803030287878789,0,0.5,0.5
12.833333318181818,0,0.5,0.5
12.86363634848485,0,0.5,0.5
12.893939378787879,0,0.5,0.5
12.92424240909091,0,0.5,0.5
12.95454543939394,0,0.5,0.5
12.98484846969697,0,0.5,0.5
13.0151515,0,0.5,0.5
13.045454530303031,0,0.5,0.5
13.07575756060606,0,0.5,0.5
13.106060590909092,0,0.5,0.5
13.136363621212121,0,0.5,0.5
13.166666651515152,0,0.5,0.5
13.196969681818182,0,0.5,0.5
13.227272712121213,0,0.5,0.5
13.257575742424242,0,0.5,0.5
13.287878772727273,0,0.5,0.5
13.318181803030303,0,0.5,0.5
13.348484833333334,0,0.5,0.5
13.378787863636363,0,0.5,0.5
13.409090893939394,0,0.5,0.5
13.439393924242424,0,0.5,0.5
13.469696954545455,0,0.5,0.5
13.499999984848484,0,0.5,0.5
13.530303015151516,0,0.5,0.5
13.560606045454545,0,0.5,0.5
13.590909075757576,0,0.5,0.5
13.621212106060607,0,0.5,0.5
13.651515136363637,0,0.5,0.5
13.681818166666668,0,0.5,0.5
13.712121196969697,0,0.5,0.5
13.742424227272728,0,0.5,0.5
13.772727257575758,0,0.5,0.5
13.803030287878789,0,0.5,0.5
13.833333318181818,0,0.5,0.5
13.86363634848485,0,0.5,0.5
13.893939378787879,0,0.5,0.5
13.92424240909091,0,0.5,0.5
13.95454543939394,0,0.5,0.5
13.98484846969697,0.15625,0.8565537929534912,0.4331200420856476
14.0151515,0.125,0.8356620073318481,0.4428882896900177
14.045454530303031,0.125,0.7728177309036255,0.47996827960014343
14.07575756060606,0.125,0.7082175016403198,0.5617985725402832
14.106060590909092,0.09375,0.7665966749191284,0.49576336145401
14.136363621212121,0.125,0.8942105770111084,0.3909575641155243
14.166666651515152,0.09375,0.6891884207725525,0.4928976893424988
14.196969681818182,0.09375,0.574126660823822,0.9567057490348816
14.227272712121213,0.09375,0.5371357798576355,0.2897851765155792
14.257575742424242,0.09375,0.5745187401771545,0.2369481325149536
14.287878772727273,0.09375,0.2432606965303421,0.6189470291137695
14.318181803030303,0.09375,0.27512821555137634,0.09578341245651245
14.348484833333334,0.09375,0.34025076031684875,0.8805801868438721
14.378787863636363,0.09375,0.19107714295387268,0.6157755851745605
14.409090893939394,0.09375,0.14859811961650848,0.5168684720993042
14.439393924242424,0.09375,0.14359943568706512,0.38408082723617554
14.469696954545455,0,0.5,0.5
14.499999984848484,0,0.5,0.5
14.530303015151516,0,0.5,0.5
14.560606045454547,0,0.5,0.5
14.590909075757576,0,0.5,0.5
14.621212106060607,0,0.5,0.5
14.651515136363637,0,0.5,0.5
14.681818166666668,0,0.5,0.5
14.712121196969697,0,0.5,0.5
14.742424227272728,0,0.5,0.5
14.772727257575758,0,0.5,0.5
14.803030287878789,0,0.5,0.5
14.833333318181818,0,0.5,0.5
14.86363634848485,0,0.5,0.5
14.893939378787879,0,0.5,0.5
14.92424240909091,0,0.5,0.5
14.95454543939394,0,0.5,0.5
14.98484846969697,0,0.5,0.5
15.0151515,0,0.5,0.5
15.045454530303031,0,0.5,0.5
15.07575756060606,0,0.5,0.5
15.106060590909092,0,0.5,0.5
15.136363621212121,0,0.5,0.5
15.166666651515152,0,0.5,0.5
15.196969681818182,0,0.5,0.5
15.227272712121213,0,0.5,0.5
15.257575742424242,0,0.5,0.5
15.287878772727273,0,0.5,0.5
15.318181803030303,0,0.5,0.5
15.348484833333334,0,0.5,0.5
15.378787863636363,0,0.5,0.5
15.409090893939394,0,0.5,0.5
15.439393924242424,0,0.5,0.5
15.469696954545455,0,0.5,0.5
15.499999984848484,0,0.5,0.5
15.530303015151516,0,0.5,0.5
15.560606045454547,0,0.5,0.5
15.590909075757576,0,0.5,0.5
15.621212106060607,0,0.5,0.5
15.651515136363637,0,0.5,0.5
15.681818166666668,0,0.5,0.5
15.712121196969697,0,0.5,0.5
15.742424227272728,0,0.5,0.5
15.772727257575758,0,0.5,0.5
15.803030287878789,0,0.5,0.5
15.833333318181818,0,0.5,0.5
15.86363634848485,0,0.5,0.5
15.893939378787879,0,0.5,0.5
15.92424240909091,0,0.5,0.5
15.95454543939394,0,0.5,0.5
15.98484846969697,0,0.5,0.5
16.0151515,0,0.5,0.5
16.045454530303033,0,0.5,0.5
16.075757560606064,0,0.5,0.5
16.10606059090909,0,0.5,0.5
16.136363621212123,0,0.5,0.5
16.166666651515154,0,0.5,0.5
16.196969681818185,0,0.5,0.5
16.227272712121213,0,0.5,0.5
16.257575742424244,0,0.5,0.5
16.287878772727275,0,0.5,0.5
16.318181803030306,0,0.5,0.5
16.348484833333334,0,0.5,0.5
16.378787863636365,0,0.5,0.5
16.409090893939396,0,0.5,0.5
16.439393924242427,0,0.5,0.5
16.469696954545455,0,0.5,0.5
16.499999984848486,0,0.5,0.5
16.530303015151517,0,0.5,0.5
16.56060604545455,0,0.5,0.5
16.59090907575758,0,0.5,0.5
16.621212106060607,0.125,0.20549702644348145,0.3741327226161957
16.65151513636364,0.09375,0.18985600769519806,0.43857505917549133
16.68181816666667,0.09375,0.2131631076335907,0.450900137424469
16.7121211969697,0.125,0.31808730959892273,0.10234126448631287
16.74242422727273,0.09375,0.32368147373199463,0.7356643676757812
16.77272725757576,0.09375,0.03424742817878723,0.5245998501777649
16.80303028787879,0.125,0.6687725186347961,0.8595927357673645
16.833333318181822,0.125,0.5390260219573975,0.7085687518119812
16.86363634848485,0.09375,0.5048873424530029,0.5754855871200562
16.89393937878788,0.125,0.7949253916740417,0.3583635985851288
16.924242409090912,0.125,0.7120618224143982,0.3322920799255371
16.954545439393943,0.09375,0.7929080128669739,0.4830974340438843
16.98484846969697,0.125,0.7892308235168457,0.48309916257858276
17.0151515,0,0.5,0.5
17.045454530303033,0,0.5,0.5
17.075757560606064,0,0.5,0.5
17.10606059090909,0,0.5,0.5
17.136363621212123,0,0.5,0.5
17.166666651515154,0,0.5,0.5
17.196969681818185,0,0.5,0.5
17.227272712121213,0,0.5,0.5
17.257575742424244,0,0.5,0.5
17.287878772727275,0,0.5,0.5
17.318181803030306,0,0.5,0.5
17.348484833333334,0,0.5,0.5
17.378787863636365,0,0.5,0.5
17.409090893939396,0,0.5,0.5
17.439393924242427,0,0.5,0.5
17.469696954545455,0,0.5,0.5
17.499999984848486,0,0.5,0.5
17.530303015151517,0,0.5,0.5
17.56060604545455,0,0.5,0.5
17.59090907575758,0,0.5,0.5
17.621212106060607,0,0.5,0.5
17.65151513636364,0,0.5,0.5
17.68181816666667,0,0.5,0.5
17.7121211969697,0,0.5,0.5
17.74242422727273,0,0.5,0.5
17.77272725757576,0,0.5,0.5
17.80303028787879,0,0.5,0.5
17.833333318181822,0,0.5,0.5
17.86363634848485,0,0.5,0.5
17.89393937878788,0,0.5,0.5
17.924242409090912,0,0.5,0.5
17.954545439393943,0,0.5,0.5
17.98484846969697,0,0.5,0.5
18.0151515,0,0.5,0.5
18.045454530303033,0,0.5,0.5
18.075757560606064,0,0.5,0.5
18.10606059090909,0,0.5,0.5
18.136363621212123,0,0.5,0.5
18.166666651515154,0,0.5,0.5
18.196969681818185,0,0.5,0.5
18.227272712121213,0,0.5,0.5
18.257575742424244,0,0.5,0.5
18.287878772727275,0,0.5,0.5
18.318181803030306,0,0.5,0.5
18.348484833333334,0,0.5,0.5
18.378787863636365,0,0.5,0.5
18.409090893939396,0,0.5,0.5
18.439393924242427,0,0.5,0.5
18.46969695454546,0,0.5,0.5
18.499999984848486,0,0.5,0.5
18.530303015151517,0,0.5,0.5
18.56060604545455,0,0.5,0.5
18.59090907575758,0,0.5,0.5
18.621212106060607,0,0.5,0.5
18.65151513636364,0,0.5,0.5
18.68181816666667,0,0.5,0.5
18.7121211969697,0,0.5,0.5
18.74242422727273,0,0.5,0.5
18.77272725757576,0,0.5,0.5
18.80303028787879,0,0.5,0.5
18.833333318181822,0,0.5,0.5
18.86363634848485,0,0.5,0.5
18.89393937878788,0,0.5,0.5
18.924242409090912,0,0.5,0.5
18.954545439393943,0,0.5,0.5
18.98484846969697,0,0.5,0.5
19.0151515,0,0.5,0.5
19.045454530303033,0,0.5,0.5
19.075757560606064,0,0.5,0.5
19.10606059090909,0,0.5,0.5
19.136363621212123,0.28125,0.4120970368385315,0.6208789944648743
19.166666651515154,0,0.5,0.5
19.196969681818185,0.25,0.3777938783168793,0.6263915300369263
19.227272712121213,0.25,0.35012441873550415,0.6130467057228088
19.257575742424244,0.21875,0.3632735311985016,0.5768928527832031
19.287878772727275,0.1875,0.36653923988342285,0.6032504439353943
19.318181803030306,0.1875,0.42469853162765503,0.5788722038269043
19.348484833333334,0.15625,0.2752250134944916,0.5502944588661194
19.378787863636365,0.125,0.006160475313663483,0.4460429847240448
19.409090893939396,0.09375,0.3578113615512848,0.46354860067367554
19.439393924242427,0.0625,0.4525914192199707,0.5115456581115723
19.46969695454546,0.0625,0.2784971296787262,0.34348082542419434
19.499999984848486,0.0625,0.7050007581710815,0.26803287863731384
19.530303015151517,0.09375,0.3511923849582672,0.2973507046699524
19.56060604545455,0.0625,0.49598199129104614,0.5676796436309814
19.59090907575758,0.0625,0.44302108883857727,0.332487016916275
19.621212106060607,0.09375,0.4760511815547943,0.21106478571891785
19.65151513636364,0.09375,0.40866538882255554,0.8220397233963013
19.68181816666667,0.09375,0.4983440339565277,0.4860098659992218
19.7121211969697,0.125,0.3864539861679077,0.46376606822013855
19.74242422727273,0.15625,0.39349326491355896,0.12705808877944946
19.77272725757576,0.1875,0.3267366886138916,0.4921274483203888
19.80303028787879,0,0.5,0.5
19.833333318181822,0,0.5,0.5
19.86363634848485,0.1875,0.3804193139076233,0.6374669671058655
19.89393937878788,0.25,0.3077678978443146,0.5695375800132751
19.924242409090912,0,0.5,0.5
19.954545439393943,0,0.5,0.5
19.98484846969697,0,0.5,0.5
20.0151515,0,0.5,0.5
20.045454530303033,0,0.5,0.5
20.075757560606064,0,0.5,0.5
20.10606059090909,0,0.5,0.5
20.136363621212123,0,0.5,0.5
20.166666651515154,0,0.5,0.5
20.196969681818185,0,0.5,0.5
20.227272712121213,0,0.5,0.5
20.257575742424244,0,0.5,0.5
20.287878772727275,0,0.5,0.5
20.318181803030306,0,0.5,0.5
20.348484833333334,0,0.5,0.5
20.378787863636365,0,0.5,0.5
20.409090893939396,0,0.5,0.5
20.439393924242427,0,0.5,0.5
20.46969695454546,0,0.5,0.5
20.499999984848486,0,0.5,0.5
20.530303015151517,0,0.5,0.5
20.56060604545455,0,0.5,0.5
20.59090907575758,0,0.5,0.5
20.621212106060607,0,0.5,0.5
20.65151513636364,0,0.5,0.5
20.68181816666667,0,0.5,0.5
20.7121211969697,0,0.5,0.5
20.74242422727273,0,0.5,0.5
20.77272725757576,0,0.5,0.5
20.80303028787879,0,0.5,0.5
20.833333318181822,0,0.5,0.5
20.86363634848485,0,0.5,0.5
20.89393937878788,0,0.5,0.5
20.924242409090912,0,0.5,0.5
20.954545439393943,0,0.5,0.5
20.98484846969697,0,0.5,0.5
21.0151515,0,0.5,0.5
21.045454530303033,0,0.5,0.5
21.075757560606064,0,0.5,0.5
21.10606059090909,0,0.5,0.5
21.136363621212123,0,0.5,0.5
21.166666651515154,0,0.5,0.5
21.196969681818185,0,0.5,0.5
21.227272712121213,0,0.5,0.5
21.257575742424244,0,0.5,0.5
21.287878772727275,0,0.5,0.5
21.318181803030306,0,0.5,0.5
21.348484833333337,0,0.5,0.5
21.378787863636365,0,0.5,0.5
21.409090893939396,0,0.5,0.5
21.439393924242427,0,0.5,0.5
21.46969695454546,0,0.5,0.5
21.499999984848486,0,0.5,0.5
21.530303015151517,0,0.5,0.5
21.56060604545455,0,0.5,0.5
21.59090907575758,0.15625,0.35404160618782043,0.5344062447547913
21.621212106060607,0.125,0.30333980917930603,0.5578272342681885
21.65151513636364,0.125,0.27027249336242676,0.5256795883178711
21.68181816666667,0.09375,0.45910918712615967,0.32025763392448425
21.7121211969697,0.0625,0.5143110752105713,0.31224897503852844
21.74242422727273,0.0625,0.8667614459991455,0.11825351417064667
21.77272725757576,0.03125,0.11522182077169418,0.21729782223701477
21.80303028787879,0.0625,0.40747949481010437,0.3253735303878784
21.833333318181822,0.03125,0.35222241282463074,0.20240741968154907
21.86363634848485,0.03125,0.3841926157474518,0.2954510748386383
21.89393937878788,0.0625,0.4493454098701477,0.37820473313331604
21.924242409090912,0.0625,0.4386753737926483,0.3723755180835724
21.954545439393943,0.09375,0.24420368671417236,0.3820853531360626
21.98484846969697,0.09375,0.4560639262199402,0.2775706648826599
22.0151515,0.125,0.49166280031204224,0.36831018328666687
22.045454530303033,0.125,0.542945921421051,0.2462862879037857
22.075757560606064,0.15625,0.3885999023914337,0.6761972904205322
22.10606059090909,0.1875,0.43146204948425293,0.9918013215065002
22.136363621212123,0.1875,0.48267126083374023,0.8578916788101196
22.166666651515154,0.1875,0.42844563722610474,0.5835614204406738
22.196969681818185,0,0.5,0.5
22.227272712121213,0.25,0.3199276030063629,0.5270383358001709
22.257575742424244,0.25,0.3306977152824402,0.6281512379646301
22.287878772727275,0,0.5,0.5
22.318181803030306,0,0.5,0.5
22.348484833333337,0,0.5,0.5
22.378787863636365,0,0.5,0.5
22.409090893939396,0,0.5,0.5
22.439393924242427,0,0.5,0.5
22.46969695454546,0,0.5,0.5
22.499999984848486,0,0.5,0.5
22.530303015151517,0,0.5,0.5
22.56060604545455,0,0.5,0.5
22.59090907575758,0,0.5,0.5
22.621212106060607,0,0.5,0.5
22.65151513636364,0,0.5,0.5
22.68181816666667,0,0.5,0.5
22.7121211969697,0,0.5,0.5
22.74242422727273,0,0.5,0.5
22.77272725757576,0,0.5,0.5
22.80303028787879,0,0.5,0.5
22.833333318181822,0,0.5,0.5
22.86363634848485,0,0.5,0.5
22.89393937878788,0,0.5,0.5
22.924242409090912,0,0.5,0.5
22.954545439393943,0,0.5,0.5
22.98484846969697,0,0.5,0.5
23.0151515,0,0.5,0.5
23.045454530303033,0,0.5,0.5
23.075757560606064,0,0.5,0.5
23.10606059090909,0,0.5,0.5
23.136363621212123,0,0.5,0.5
23.166666651515154,0,0.5,0.5
23.196969681818185,0,0.5,0.5
23.227272712121213,0,0.5,0.5
23.257575742424244,0,0.5,0.5
23.287878772727275,0,0.5,0.5
23.318181803030306,0,0.5,0.5
23.348484833333337,0,0.5,0.5
23.378787863636365,0,0.5,0.5
23.409090893939396,0,0.5,0.5
23.439393924242427,0,0.5,0.5
23.46969695454546,0,0.5,0.5
23.499999984848486,0,0.5,0.5
23.530303015151517,0,0.5,0.5
23.56060604545455,0,0.5,0.5
23.59090907575758,0,0.5,0.5
23.621212106060607,0,0.5,0.5
23.65151513636364,0,0.5,0.5
23.68181816666667,0,0.5,0.5
23.7121211969697,0,0.5,0.5
23.74242422727273,0,0.5,0.5
