Time (seconds), Duration (seconds),pred_unlabelled,pred_left,pred_square,pred_circle,pred_right
0.01000,0.98000,0.98561,0.01359,0.00008,0.00037,0.00035
0.21000,0.98000,0.98568,0.01351,0.00008,0.00038,0.00035
0.41000,0.98000,0.98535,0.01384,0.00008,0.00038,0.00036
0.61000,0.98000,0.85124,0.14607,0.00023,0.00096,0.00149
0.81000,0.98000,0.06211,0.93605,0.00014,0.00080,0.00090
1.01000,0.98000,0.00144,0.99826,0.00005,0.00008,0.00017
1.21000,0.98000,0.00014,0.99982,0.00000,0.00001,0.00002
1.41000,0.98000,0.00240,0.99735,0.00001,0.00013,0.00011
1.61000,0.98000,0.95063,0.04827,0.00008,0.00021,0.00082
1.81000,0.98000,0.98222,0.01715,0.00005,0.00003,0.00055
2.01000,0.98000,0.97773,0.02106,0.00016,0.00044,0.00060
2.21000,0.98000,0.97153,0.02378,0.00048,0.00236,0.00185
2.41000,0.98000,0.97176,0.02378,0.00049,0.00216,0.00182
2.61000,0.98000,0.96879,0.02638,0.00052,0.00234,0.00197
2.81000,0.98000,0.97835,0.01746,0.00051,0.00195,0.00173
3.01000,0.98000,0.98132,0.00919,0.00275,0.00349,0.00325
3.21000,0.98000,0.54704,0.00596,0.40856,0.02120,0.01724
3.41000,0.98000,0.00057,0.00005,0.99830,0.00045,0.00063
3.61000,0.98000,0.00004,0.00000,0.99987,0.00003,0.00006
3.81000,0.98000,0.00024,0.00001,0.99966,0.00001,0.00008
4.01000,0.98000,0.00008,0.00001,0.99987,0.00001,0.00003
4.21000,0.98000,0.00033,0.00001,0.99953,0.00001,0.00011
4.41000,0.98000,0.99885,0.00034,0.00055,0.00001,0.00024
4.61000,0.98000,0.99959,0.00022,0.00003,0.00003,0.00014
4.81000,0.98000,0.99547,0.00405,0.00004,0.00030,0.00014
5.01000,0.98000,0.99161,0.00719,0.00014,0.00063,0.00044
5.21000,0.98000,0.97079,0.02455,0.00047,0.00238,0.00180
5.41000,0.98000,0.97079,0.02456,0.00046,0.00242,0.00176
5.61000,0.98000,0.97191,0.02353,0.00046,0.00238,0.00173
5.81000,0.98000,0.97015,0.02519,0.00047,0.00242,0.00177
6.01000,0.98000,0.97077,0.02456,0.00047,0.00242,0.00178
6.21000,0.98000,0.97899,0.01539,0.00068,0.00325,0.00169
6.41000,0.98000,0.93804,0.01039,0.00220,0.04495,0.00442
6.61000,0.98000,0.02577,0.00207,0.00163,0.96874,0.00179
6.81000,0.98000,0.00059,0.00006,0.00033,0.99887,0.00015
7.01000,0.98000,0.00010,0.00001,0.00002,0.99985,0.00002
7.21000,0.98000,0.00016,0.00003,0.00001,0.99980,0.00001
7.41000,0.98000,0.96778,0.00029,0.00041,0.03099,0.00053
7.61000,0.98000,0.98650,0.00023,0.00027,0.01202,0.00098
7.81000,0.98000,0.99693,0.00014,0.00023,0.00210,0.00060
8.01000,0.98000,0.99923,0.00064,0.00002,0.00004,0.00007
8.21000,0.98000,0.96590,0.03045,0.00041,0.00171,0.00153
8.41000,0.98000,0.97273,0.02414,0.00034,0.00151,0.00129
8.61000,0.98000,0.98403,0.01330,0.00036,0.00111,0.00120
8.81000,0.98000,0.97065,0.02281,0.00047,0.00086,0.00521
9.01000,0.98000,0.67710,0.08291,0.00278,0.00195,0.23526
9.21000,0.98000,0.00681,0.00201,0.00058,0.00031,0.99029
9.41000,0.98000,0.00046,0.00015,0.00019,0.00005,0.99916
9.61000,0.98000,0.00055,0.00006,0.00018,0.00007,0.99915
9.81000,0.98000,0.86983,0.03218,0.00162,0.00019,0.09619
10.01000,0.98000,0.99859,0.00121,0.00003,0.00004,0.00014
10.21000,0.98000,0.97316,0.02402,0.00031,0.00125,0.00126
10.41000,0.98000,0.97241,0.02493,0.00029,0.00121,0.00117
10.61000,0.98000,0.97327,0.02390,0.00030,0.00134,0.00119
10.81000,0.98000,0.97518,0.02243,0.00027,0.00108,0.00104
11.01000,0.98000,0.97275,0.02477,0.00029,0.00102,0.00116
11.21000,0.98000,0.68851,0.30388,0.00072,0.00262,0.00427
11.41000,0.98000,0.14109,0.85420,0.00031,0.00138,0.00301
11.61000,0.98000,0.01244,0.98401,0.00018,0.00034,0.00302
11.81000,0.98000,0.00094,0.99877,0.00001,0.00004,0.00024
12.01000,0.98000,0.14368,0.85572,0.00002,0.00026,0.00032
12.21000,0.98000,0.96639,0.03169,0.00005,0.00029,0.00157
12.41000,0.98000,0.99083,0.00326,0.00024,0.00015,0.00552
12.61000,0.98000,0.96817,0.02843,0.00037,0.00167,0.00136
12.81000,0.98000,0.97240,0.02310,0.00044,0.00238,0.00167
13.01000,0.98000,0.97186,0.02353,0.00045,0.00246,0.00170
13.21000,0.98000,0.97648,0.01927,0.00043,0.00223,0.00159
13.41000,0.98000,0.98223,0.01079,0.00156,0.00288,0.00255
13.61000,0.98000,0.78812,0.00897,0.18426,0.00496,0.01369
13.81000,0.98000,0.00341,0.00011,0.99450,0.00078,0.00120
14.01000,0.98000,0.00002,0.00000,0.99991,0.00002,0.00004
14.21000,0.98000,0.00005,0.00000,0.99991,0.00001,0.00003
14.41000,0.98000,0.00072,0.00003,0.99915,0.00001,0.00009
14.61000,0.98000,0.00052,0.00001,0.99933,0.00003,0.00012
14.81000,0.98000,0.75552,0.00260,0.24124,0.00014,0.00050
15.01000,0.98000,0.99904,0.00014,0.00016,0.00018,0.00047
15.21000,0.98000,0.98855,0.01007,0.00010,0.00089,0.00039
15.41000,0.98000,0.99877,0.00105,0.00002,0.00007,0.00009
15.61000,0.98000,0.97113,0.02464,0.00042,0.00212,0.00168
15.81000,0.98000,0.96995,0.02518,0.00048,0.00254,0.00186
16.01000,0.98000,0.97836,0.01734,0.00050,0.00213,0.00167
16.21000,0.98000,0.96713,0.02104,0.00103,0.00871,0.00209
16.41000,0.98000,0.29497,0.01411,0.00528,0.67987,0.00577
16.61000,0.98000,0.00501,0.00056,0.00112,0.99258,0.00074
16.81000,0.98000,0.00066,0.00007,0.00032,0.99881,0.00014
17.01000,0.98000,0.00150,0.00004,0.00010,0.99826,0.00010
17.21000,0.98000,0.00121,0.00017,0.00006,0.99851,0.00004
17.41000,0.98000,0.08651,0.00074,0.00095,0.91103,0.00077
17.61000,0.98000,0.87421,0.00037,0.00088,0.12132,0.00321
17.81000,0.98000,0.97877,0.00022,0.00199,0.01755,0.00147
18.01000,0.98000,0.99946,0.00021,0.00004,0.00009,0.00020
18.21000,0.98000,0.99655,0.00316,0.00004,0.00007,0.00019
18.41000,0.98000,0.97685,0.01989,0.00029,0.00194,0.00104
18.61000,0.98000,0.97428,0.02052,0.00036,0.00171,0.00314
18.81000,0.98000,0.89053,0.04262,0.00153,0.00111,0.06422
19.01000,0.98000,0.02260,0.00927,0.00085,0.00097,0.96632
19.21000,0.98000,0.00031,0.00009,0.00016,0.00003,0.99941
19.41000,0.98000,0.00137,0.00007,0.00010,0.00005,0.99842
19.61000,0.98000,0.83999,0.15453,0.00044,0.00010,0.00494
19.81000,0.98000,0.99713,0.00271,0.00002,0.00002,0.00012
20.01000,0.98000,0.97281,0.02265,0.00040,0.00257,0.00157
20.21000,0.98000,0.96987,0.02542,0.00045,0.00261,0.00165
