# Time (seconds),f0,f1,f2
0.0151515,0,0.5,0.5
0.0454545303030303,0,0.5,0.5
0.0757575606060606,0,0.5,0.5
0.10606059090909091,0,0.5,0.5
0.13636362121212123,0,0.5,0.5
0.16666665151515153,0,0.5,0.5
0.19696968181818184,0,0.5,0.5
0.22727271212121214,0,0.5,0.5
0.2575757424242424,0,0.5,0.5
0.2878787727272727,0,0.5,0.5
0.318181803030303,0,0.5,0.5
0.34848483333333335,0,0.5,0.5
0.37878786363636363,0,0.5,0.5
0.4090908939393939,0,0.5,0.5
0.43939392424242424,0,0.5,0.5
0.46969695454545457,0,0.5,0.5
0.49999998484848485,0,0.5,0.5
0.5303030151515151,0,0.5,0.5
0.5606060454545454,0,0.5,0.5
0.5909090757575758,0,0.5,0.5
0.6212121060606061,0,0.5,0.5
0.6515151363636363,0,0.5,0.5
0.6818181666666667,0,0.5,0.5
0.712121196969697,0,0.5,0.5
0.7424242272727273,0,0.5,0.5
0.7727272575757576,0,0.5,0.5
0.8030302878787878,0,0.5,0.5
0.8333333181818182,0,0.5,0.5
0.8636363484848485,0,0.5,0.5
0.8939393787878788,0,0.5,0.5
0.9242424090909092,0,0.5,0.5
0.9545454393939394,0,0.5,0.5
0.9848484696969697,0,0.5,0.5
1.0151515,0,0.5,0.5
1.0454545303030303,0,0.5,0.5
1.0757575606060605,0,0.5,0.5
1.1060605909090908,0,0.5,0.5
1.1363636212121213,0,0.5,0.5
1.1666666515151516,0,0.5,0.5
1.1969696818181819,0,0.5,0.5
1.2272727121212121,0,0.5,0.5
1.2575757424242424,0,0.5,0.5
1.2878787727272727,0.1875,0.345136821269989,0.6171379685401917
1.318181803030303,0.21875,0.3362047076225281,0.3923354744911194
1.3484848333333335,0.15625,0.4098525941371918,0.36449065804481506
1.3787878636363637,0.125,0.28135964274406433,0.5586435198783875
1.409090893939394,0.09375,0.35957926511764526,0.49247613549232483
1.4393939242424243,0.0625,0.3316423296928406,0.29955148696899414
1.4696969545454546,0.0625,0.6173798441886902,0.4017641544342041
1.4999999848484848,0.0625,0.518237829208374,0.33361658453941345
1.5303030151515151,0.09375,0.861885666847229,0.8607293367385864
1.5606060454545454,0.0625,0.37425458431243896,0.4953816533088684
1.5909090757575757,0.0625,0.4967693090438843,0.4488135576248169
1.6212121060606062,0.0625,0.5827603340148926,0.4422769844532013
1.6515151363636364,0.09375,0.28958722949028015,0.5209380984306335
1.6818181666666667,0.125,0.37767985463142395,0.38778120279312134
1.712121196969697,0.15625,0.4013018012046814,0.6480200886726379
1.7424242272727273,0.15625,0.3857897222042084,0.5532857179641724
1.7727272575757576,0,0.5,0.5
1.8030302878787878,0.15625,0.4227398633956909,0.6381494402885437
1.8333333181818183,0.1875,0.30703017115592957,0.6419205069541931
1.8636363484848486,0.25,0.2753652334213257,0.6127291321754456
1.8939393787878789,0,0.5,0.5
1.9242424090909092,0.21875,0.34877464175224304,0.6322973370552063
1.9545454393939394,0,0.5,0.5
1.9848484696969697,0,0.5,0.5
2.0151515,0,0.5,0.5
2.0454545303030303,0,0.5,0.5
2.0757575606060605,0,0.5,0.5
2.106060590909091,0,0.5,0.5
2.136363621212121,0,0.5,0.5
2.1666666515151514,0,0.5,0.5
2.1969696818181816,0,0.5,0.5
2.2272727121212124,0,0.5,0.5
2.2575757424242426,0,0.5,0.5
2.287878772727273,0,0.5,0.5
2.318181803030303,0,0.5,0.5
2.3484848333333335,0,0.5,0.5
2.3787878636363637,0,0.5,0.5
2.409090893939394,0,0.5,0.5
2.4393939242424243,0,0.5,0.5
2.4696969545454546,0,0.5,0.5
2.499999984848485,0,0.5,0.5
2.530303015151515,0,0.5,0.5
2.5606060454545454,0,0.5,0.5
2.5909090757575757,0,0.5,0.5
2.621212106060606,0,0.5,0.5
2.6515151363636362,0,0.5,0.5
2.681818166666667,0,0.5,0.5
2.7121211969696972,0,0.5,0.5
2.7424242272727275,0,0.5,0.5
2.7727272575757578,0,0.5,0.5
2.803030287878788,0,0.5,0.5
2.8333333181818183,0,0.5,0.5
2.8636363484848486,0,0.5,0.5
2.893939378787879,0,0.5,0.5
2.924242409090909,0,0.5,0.5
2.9545454393939394,0,0.5,0.5
2.9848484696969697,0,0.5,0.5
3.0151515,0,0.5,0.5
3.0454545303030303,0,0.5,0.5
3.0757575606060605,0,0.5,0.5
3.106060590909091,0,0.5,0.5
3.136363621212121,0,0.5,0.5
3.1666666515151514,0,0.5,0.5
3.196969681818182,0,0.5,0.5
3.2272727121212124,0,0.5,0.5
3.2575757424242426,0,0.5,0.5
3.287878772727273,0,0.5,0.5
3.318181803030303,0,0.5,0.5
3.3484848333333335,0,0.5,0.5
3.3787878636363637,0,0.5,0.5
3.409090893939394,0,0.5,0.5
3.4393939242424243,0,0.5,0.5
3.4696969545454546,0,0.5,0.5
3.499999984848485,0,0.5,0.5
3.530303015151515,0,0.5,0.5
3.5606060454545454,0,0.5,0.5
3.5909090757575757,0,0.5,0.5
3.621212106060606,0,0.5,0.5
3.6515151363636367,0.21875,0.2590395510196686,0.5370914936065674
3.681818166666667,0.1875,0.33689698576927185,0.5029919147491455
3.7121211969696972,0.15625,0.23299099504947662,0.5415356159210205
3.7424242272727275,0.15625,0.2804664075374603,0.48476701974868774
3.7727272575757578,0.125,0.22333382070064545,0.48341017961502075
3.803030287878788,0.09375,0.49149587750434875,0.4273248612880707
3.8333333181818183,0.0625,0.4835171103477478,0.40119579434394836
3.8636363484848486,0.03125,0.5018113255500793,0.3189828097820282
3.893939378787879,0.03125,0.35122838616371155,0.4167201817035675
3.924242409090909,0.03125,0.7398717403411865,0.9276304244995117
3.9545454393939394,0.0625,0.8410479426383972,0.27160266041755676
3.9848484696969697,0.0625,0.5231525897979736,0.3070298433303833
4.0151515,0.0625,0.35321053862571716,0.36801785230636597
4.04545453030303,0.09375,0.38441386818885803,0.3403693437576294
4.0757575606060605,0.125,0.255397766828537,0.26815059781074524
4.106060590909091,0.125,0.30605581402778625,0.5505875945091248
4.136363621212121,0.15625,0.34696704149246216,0.4906286895275116
4.166666651515151,0.1875,0.2849934995174408,0.36819326877593994
4.196969681818182,0,0.5,0.5
4.227272712121212,0.21875,0.2830893099308014,0.6118524074554443
4.257575742424242,0,0.5,0.5
4.2878787727272725,0,0.5,0.5
4.318181803030303,0,0.5,0.5
4.348484833333333,0,0.5,0.5
4.378787863636363,0,0.5,0.5
4.4090908939393945,0,0.5,0.5
4.439393924242425,0,0.5,0.5
4.469696954545455,0,0.5,0.5
4.499999984848485,0,0.5,0.5
4.530303015151516,0,0.5,0.5
4.560606045454546,0,0.5,0.5
4.590909075757576,0,0.5,0.5
4.621212106060606,0,0.5,0.5
4.651515136363637,0,0.5,0.5
4.681818166666667,0,0.5,0.5
4.712121196969697,0,0.5,0.5
4.7424242272727275,0,0.5,0.5
4.772727257575758,0,0.5,0.5
4.803030287878788,0,0.5,0.5
4.833333318181818,0,0.5,0.5
4.863636348484849,0,0.5,0.5
4.893939378787879,0,0.5,0.5
4.924242409090909,0,0.5,0.5
4.954545439393939,0,0.5,0.5
4.98484846969697,0,0.5,0.5
5.0151515,0,0.5,0.5
5.04545453030303,0,0.5,0.5
5.0757575606060605,0,0.5,0.5
5.106060590909091,0,0.5,0.5
5.136363621212121,0,0.5,0.5
5.166666651515151,0,0.5,0.5
5.196969681818182,0,0.5,0.5
5.227272712121212,0,0.5,0.5
5.257575742424242,0,0.5,0.5
5.2878787727272725,0,0.5,0.5
5.318181803030303,0,0.5,0.5
5.348484833333334,0,0.5,0.5
5.378787863636364,0,0.5,0.5
5.4090908939393945,0,0.5,0.5
5.439393924242425,0,0.5,0.5
5.469696954545455,0,0.5,0.5
5.499999984848485,0,0.5,0.5
5.530303015151516,0,0.5,0.5
5.560606045454546,0,0.5,0.5
5.590909075757576,0,0.5,0.5
5.621212106060606,0,0.5,0.5
5.651515136363637,0,0.5,0.5
5.681818166666667,0,0.5,0.5
5.712121196969697,0,0.5,0.5
5.7424242272727275,0,0.5,0.5
5.772727257575758,0,0.5,0.5
5.803030287878788,0,0.5,0.5
5.833333318181818,0,0.5,0.5
5.863636348484849,0,0.5,0.5
5.893939378787879,0,0.5,0.5
5.924242409090909,0,0.5,0.5
5.954545439393939,0,0.5,0.5
5.98484846969697,0,0.5,0.5
6.0151515,0.1875,0.7245044112205505,0.6297910213470459
6.04545453030303,0.15625,0.7075890898704529,0.6487594842910767
6.0757575606060605,0.15625,0.789759635925293,0.645256757736206
6.106060590909091,0.125,0.7773310542106628,0.5844855904579163
6.136363621212121,0.1875,0.8556966781616211,0.4477229118347168
6.166666651515151,0.09375,0.7122820615768433,0.5047794580459595
6.196969681818182,0.125,0.7717651724815369,0.37179604172706604
6.227272712121212,0.09375,0.5224920511245728,0.37630507349967957
6.257575742424242,0.09375,0.6416664719581604,0.36854884028434753
6.2878787727272725,0.09375,0.6162062883377075,0.3806135356426239
6.318181803030303,0.0625,0.5893579721450806,0.3514232039451599
6.348484833333334,0.0625,0.4735702872276306,0.9855857491493225
6.378787863636364,0.09375,0.21746791899204254,0.09531208872795105
6.4090908939393945,0.09375,0.14796100556850433,0.2575313150882721
6.439393924242425,0.09375,0.09180952608585358,0.20967690646648407
6.469696954545455,0,0.5,0.5
6.499999984848485,0,0.5,0.5
6.530303015151516,0,0.5,0.5
6.560606045454546,0,0.5,0.5
6.590909075757576,0,0.5,0.5
6.621212106060606,0,0.5,0.5
6.651515136363637,0,0.5,0.5
6.681818166666667,0,0.5,0.5
6.712121196969697,0,0.5,0.5
6.7424242272727275,0,0.5,0.5
6.772727257575758,0,0.5,0.5
6.803030287878788,0,0.5,0.5
6.833333318181818,0,0.5,0.5
6.863636348484849,0,0.5,0.5
6.893939378787879,0,0.5,0.5
6.924242409090909,0,0.5,0.5
6.954545439393939,0,0.5,0.5
6.98484846969697,0,0.5,0.5
7.0151515,0,0.5,0.5
7.04545453030303,0,0.5,0.5
7.0757575606060605,0,0.5,0.5
7.106060590909091,0,0.5,0.5
7.136363621212121,0,0.5,0.5
7.166666651515151,0,0.5,0.5
7.196969681818182,0,0.5,0.5
7.227272712121212,0,0.5,0.5
7.257575742424242,0,0.5,0.5
7.287878772727273,0,0.5,0.5
7.318181803030304,0,0.5,0.5
7.348484833333334,0,0.5,0.5
7.378787863636364,0,0.5,0.5
7.4090908939393945,0,0.5,0.5
7.439393924242425,0,0.5,0.5
7.469696954545455,0,0.5,0.5
7.499999984848485,0,0.5,0.5
7.530303015151516,0,0.5,0.5
7.560606045454546,0,0.5,0.5
7.590909075757576,0,0.5,0.5
7.621212106060606,0,0.5,0.5
7.651515136363637,0,0.5,0.5
7.681818166666667,0,0.5,0.5
7.712121196969697,0,0.5,0.5
7.7424242272727275,0,0.5,0.5
7.772727257575758,0,0.5,0.5
7.803030287878788,0,0.5,0.5
7.833333318181818,0,0.5,0.5
7.863636348484849,0,0.5,0.5
7.893939378787879,0,0.5,0.5
7.924242409090909,0,0.5,0.5
7.954545439393939,0,0.5,0.5
7.98484846969697,0,0.5,0.5
8.0151515,0,0.5,0.5
8.045454530303031,0,0.5,0.5
8.07575756060606,0,0.5,0.5
8.106060590909092,0,0.5,0.5
8.136363621212121,0,0.5,0.5
8.166666651515152,0,0.5,0.5
8.196969681818182,0,0.5,0.5
8.227272712121213,0,0.5,0.5
8.257575742424242,0,0.5,0.5
8.287878772727273,0,0.5,0.5
8.318181803030303,0,0.5,0.5
8.348484833333334,0,0.5,0.5
8.378787863636363,0,0.5,0.5
8.409090893939394,0,0.5,0.5
8.439393924242424,0,0.5,0.5
8.469696954545455,0,0.5,0.5
8.499999984848484,0,0.5,0.5
8.530303015151516,0,0.5,0.5
8.560606045454545,0,0.5,0.5
8.590909075757576,0,0.5,0.5
8.621212106060606,0.125,0.24783821403980255,0.36069607734680176
8.651515136363637,0.09375,0.1929127424955368,0.40853816270828247
8.681818166666666,0.125,0.14777401089668274,0.16595298051834106
8.712121196969697,0.09375,0.23499290645122528,0.5199568271636963
8.742424227272727,0.09375,0.26932021975517273,0.6734868884086609
8.772727257575758,0.09375,0.5439374446868896,0.34801429510116577
8.803030287878789,0.09375,0.5965061783790588,0.5182099342346191
8.833333318181818,0.09375,0.17184704542160034,0.45613202452659607
8.86363634848485,0.09375,0.6087828278541565,0.30384397506713867
8.893939378787879,0.09375,0.6163070201873779,0.39969223737716675
8.92424240909091,0.09375,0.7318910360336304,0.4455006420612335
8.95454543939394,0.125,0.7702316641807556,0.4690079092979431
8.98484846969697,0,0.5,0.5
9.0151515,0,0.5,0.5
9.045454530303031,0.15625,0.8281490206718445,0.536161482334137
9.07575756060606,0,0.5,0.5
9.106060590909092,0,0.5,0.5
9.136363621212121,0,0.5,0.5
9.166666651515152,0,0.5,0.5
9.196969681818182,0,0.5,0.5
9.227272712121213,0,0.5,0.5
9.257575742424242,0,0.5,0.5
9.287878772727273,0,0.5,0.5
9.318181803030303,0,0.5,0.5
9.348484833333334,0,0.5,0.5
9.378787863636363,0,0.5,0.5
9.409090893939394,0,0.5,0.5
9.439393924242424,0,0.5,0.5
9.469696954545455,0,0.5,0.5
9.499999984848484,0,0.5,0.5
9.530303015151516,0,0.5,0.5
9.560606045454545,0,0.5,0.5
9.590909075757576,0,0.5,0.5
9.621212106060606,0,0.5,0.5
9.651515136363637,0,0.5,0.5
9.681818166666666,0,0.5,0.5
9.712121196969697,0,0.5,0.5
9.742424227272728,0,0.5,0.5
9.772727257575758,0,0.5,0.5
9.803030287878789,0,0.5,0.5
9.833333318181818,0,0.5,0.5
9.86363634848485,0,0.5,0.5
9.893939378787879,0,0.5,0.5
9.92424240909091,0,0.5,0.5
9.95454543939394,0,0.5,0.5
9.98484846969697,0,0.5,0.5
10.0151515,0,0.5,0.5
10.045454530303031,0,0.5,0.5
10.07575756060606,0,0.5,0.5
10.106060590909092,0,0.5,0.5
10.136363621212121,0,0.5,0.5
10.166666651515152,0,0.5,0.5
10.196969681818182,0,0.5,0.5
10.227272712121213,0,0.5,0.5
10.257575742424242,0,0.5,0.5
10.287878772727273,0,0.5,0.5
10.318181803030303,0,0.5,0.5
10.348484833333334,0,0.5,0.5
10.378787863636363,0,0.5,0.5
10.409090893939394,0,0.5,0.5
10.439393924242424,0,0.5,0.5
10.469696954545455,0,0.5,0.5
10.499999984848484,0,0.5,0.5
10.530303015151516,0,0.5,0.5
10.560606045454545,0,0.5,0.5
10.590909075757576,0,0.5,0.5
10.621212106060606,0,0.5,0.5
10.651515136363637,0,0.5,0.5
10.681818166666668,0,0.5,0.5
10.712121196969697,0,0.5,0.5
10.742424227272728,0,0.5,0.5
10.772727257575758,0,0.5,0.5
10.803030287878789,0,0.5,0.5
10.833333318181818,0,0.5,0.5
10.86363634848485,0,0.5,0.5
10.893939378787879,0,0.5,0.5
10.92424240909091,0,0.5,0.5
10.95454543939394,0,0.5,0.5
10.98484846969697,0,0.5,0.5
11.0151515,0,0.5,0.5
11.045454530303031,0,0.5,0.5
11.07575756060606,0,0.5,0.5
11.106060590909092,0,0.5,0.5
11.136363621212121,0,0.5,0.5
11.166666651515152,0,0.5,0.5
11.196969681818182,0,0.5,0.5
11.227272712121213,0,0.5,0.5
11.257575742424242,0,0.5,0.5
11.287878772727273,0,0.5,0.5
11.318181803030303,0,0.5,0.5
11.348484833333334,0,0.5,0.5
11.378787863636363,0,0.5,0.5
11.409090893939394,0,0.5,0.5
11.439393924242424,0,0.5,0.5
11.469696954545455,0,0.5,0.5
11.499999984848484,0,0.5,0.5
11.530303015151516,0,0.5,0.5
11.560606045454545,0,0.5,0.5
11.590909075757576,0,0.5,0.5
11.621212106060606,0,0.5,0.5
11.651515136363637,0,0.5,0.5
11.681818166666668,0,0.5,0.5
11.712121196969697,0,0.5,0.5
11.742424227272728,0,0.5,0.5
11.772727257575758,0,0.5,0.5
11.803030287878789,0,0.5,0.5
11.833333318181818,0,0.5,0.5
