Time (seconds), Duration (seconds),pred_unlabelled,pred_click,pred_right,pred_left
0.01515,1.96970,0.92354,0.06950,0.00161,0.00535
0.10606,1.96970,0.99912,0.00041,0.00040,0.00006
0.19697,1.96970,0.98190,0.01466,0.00149,0.00195
0.28788,1.96970,0.99864,0.00110,0.00015,0.00011
0.37879,1.96970,0.83118,0.15382,0.00204,0.01296
0.46970,1.96970,0.99448,0.00403,0.00126,0.00024
0.56061,1.96970,0.97670,0.02044,0.00108,0.00177
0.65152,1.96970,0.99837,0.00109,0.00032,0.00022
0.74242,1.96970,0.88538,0.10296,0.00160,0.01006
0.83333,1.96970,0.99919,0.00035,0.00039,0.00007
0.92424,1.96970,0.98989,0.00874,0.00042,0.00095
1.01515,1.96970,0.99973,0.00016,0.00007,0.00005
1.10606,1.96970,0.97443,0.01995,0.00063,0.00498
1.19697,1.96970,0.99987,0.00003,0.00008,0.00001
1.28788,1.96970,0.99803,0.00132,0.00020,0.00045
1.37879,1.96970,0.99996,0.00001,0.00002,0.00001
1.46970,1.96970,0.99769,0.00089,0.00085,0.00057
1.56061,1.96970,0.99951,0.00011,0.00031,0.00007
1.65152,1.96970,0.99751,0.00073,0.00123,0.00053
1.74242,1.96970,0.99810,0.00030,0.00091,0.00069
1.83333,1.96970,0.99536,0.00039,0.00303,0.00121
1.92424,1.96970,0.98718,0.00117,0.00818,0.00348
2.01515,1.96970,0.96181,0.00040,0.03489,0.00290
2.10606,1.96970,0.99647,0.00007,0.00323,0.00023
2.19697,1.96970,0.95909,0.00072,0.03754,0.00265
2.28788,1.96970,0.99538,0.00003,0.00438,0.00021
2.37879,1.96970,0.72390,0.00129,0.27076,0.00405
2.46970,1.96970,0.98893,0.00002,0.01086,0.00019
2.56061,1.96970,0.59060,0.00138,0.40476,0.00326
2.65152,1.96970,0.98577,0.00017,0.01149,0.00257
2.74242,1.96970,0.20905,0.00194,0.78294,0.00608
2.83333,1.96970,0.98909,0.00003,0.01060,0.00028
2.92424,1.96970,0.32125,0.00108,0.67467,0.00299
3.01515,1.96970,0.98988,0.00011,0.00836,0.00164
3.10606,1.96970,0.53407,0.00182,0.45714,0.00697
3.19697,1.96970,0.99395,0.00002,0.00587,0.00016
3.28788,1.96970,0.59785,0.00109,0.39722,0.00384
3.37879,1.96970,0.99433,0.00004,0.00444,0.00118
3.46970,1.96970,0.57827,0.00117,0.41619,0.00437
3.56061,1.96970,0.99865,0.00000,0.00128,0.00007
3.65152,1.96970,0.83262,0.00082,0.16207,0.00449
3.74242,1.96970,0.99823,0.00006,0.00113,0.00058
3.83333,1.96970,0.98230,0.00083,0.01338,0.00350
3.92424,1.96970,0.99774,0.00008,0.00153,0.00065
4.01515,1.96970,0.95095,0.00059,0.04583,0.00262
4.10606,1.96970,0.98683,0.00068,0.00885,0.00364
4.19697,1.96970,0.98257,0.00227,0.00856,0.00659
4.28788,1.96970,0.98257,0.00227,0.00856,0.00659
4.37879,1.96970,0.98257,0.00227,0.00856,0.00659
4.46970,1.96970,0.98257,0.00227,0.00856,0.00659
4.56061,1.96970,0.98257,0.00227,0.00856,0.00659
4.65152,1.96970,0.94667,0.00669,0.01861,0.02802
4.74242,1.96970,0.99111,0.00109,0.00479,0.00301
4.83333,1.96970,0.99359,0.00051,0.00068,0.00521
4.92424,1.96970,0.97101,0.00390,0.01504,0.01006
5.01515,1.96970,0.99465,0.00043,0.00165,0.00328
5.10606,1.96970,0.99701,0.00042,0.00234,0.00023
5.19697,1.96970,0.99167,0.00005,0.00476,0.00352
5.28788,1.96970,0.96063,0.00524,0.01966,0.01447
5.37879,1.96970,0.98912,0.00018,0.00227,0.00843
5.46970,1.96970,0.98610,0.00216,0.00570,0.00604
5.56061,1.96970,0.97137,0.00008,0.00210,0.02645
5.65152,1.96970,0.94804,0.01123,0.01849,0.02225
5.74242,1.96970,0.98365,0.00013,0.00240,0.01382
5.83333,1.96970,0.98532,0.00263,0.00703,0.00502
5.92424,1.96970,0.98500,0.00006,0.00202,0.01292
6.01515,1.96970,0.97582,0.00303,0.00775,0.01340
6.10606,1.96970,0.99246,0.00006,0.00086,0.00663
6.19697,1.96970,0.99020,0.00169,0.00421,0.00389
6.28788,1.96970,0.99268,0.00003,0.00068,0.00661
6.37879,1.96970,0.99192,0.00115,0.00337,0.00356
6.46970,1.96970,0.99890,0.00001,0.00037,0.00072
6.56061,1.96970,0.99762,0.00031,0.00109,0.00098
6.65152,1.96970,0.99216,0.00015,0.00188,0.00581
6.74242,1.96970,0.99793,0.00017,0.00091,0.00099
6.83333,1.96970,0.99196,0.00009,0.00154,0.00641
6.92424,1.96970,0.99537,0.00038,0.00239,0.00187
7.01515,1.96970,0.98596,0.00117,0.00593,0.00694
7.10606,1.96970,0.98323,0.00156,0.00478,0.01042
7.19697,1.96970,0.98538,0.00379,0.00632,0.00451
7.28788,1.96970,0.97861,0.00166,0.00541,0.01432
7.37879,1.96970,0.96192,0.00474,0.02268,0.01066
7.46970,1.96970,0.99393,0.00057,0.00240,0.00311
7.56061,1.96970,0.99772,0.00015,0.00147,0.00067
7.65152,1.96970,0.94315,0.00040,0.00227,0.05419
7.74242,1.96970,0.93172,0.00535,0.01938,0.04355
7.83333,1.96970,0.92677,0.00236,0.00482,0.06606
7.92424,1.96970,0.95141,0.00164,0.00946,0.03749
8.01515,1.96970,0.84414,0.00032,0.00097,0.15458
8.10606,1.96970,0.85824,0.00824,0.04011,0.09341
8.19697,1.96970,0.97129,0.00044,0.00259,0.02568
8.28788,1.96970,0.97649,0.00099,0.00673,0.01578
8.37879,1.96970,0.89134,0.00017,0.00057,0.10793
8.46970,1.96970,0.96008,0.00230,0.00829,0.02934
8.56061,1.96970,0.97481,0.00029,0.00160,0.02330
8.65152,1.96970,0.97988,0.00072,0.00428,0.01512
8.74242,1.96970,0.97568,0.00006,0.00024,0.02402
8.83333,1.96970,0.98327,0.00061,0.00453,0.01159
8.92424,1.96970,0.99845,0.00002,0.00048,0.00105
9.01515,1.96970,0.99834,0.00002,0.00072,0.00093
9.10606,1.96970,0.99427,0.00003,0.00018,0.00552
9.19697,1.96970,0.98992,0.00017,0.00182,0.00810
9.28788,1.96970,0.98760,0.00033,0.00078,0.01130
9.37879,1.96970,0.99857,0.00011,0.00123,0.00009
9.46970,1.96970,0.99550,0.00060,0.00267,0.00123
9.56061,1.96970,0.99741,0.00010,0.00247,0.00003
9.65152,1.96970,0.98984,0.00021,0.00958,0.00038
9.74242,1.96970,0.98368,0.00187,0.01415,0.00030
9.83333,1.96970,0.99474,0.00141,0.00305,0.00080
9.92424,1.96970,0.99854,0.00005,0.00140,0.00001
10.01515,1.96970,0.96406,0.00226,0.03121,0.00246
10.10606,1.96970,0.88564,0.00168,0.11145,0.00124
10.19697,1.96970,0.96495,0.01070,0.02032,0.00404
10.28788,1.96970,0.98090,0.00038,0.01861,0.00010
10.37879,1.96970,0.91255,0.00679,0.07317,0.00749
10.46970,1.96970,0.92421,0.00083,0.07424,0.00073
10.56061,1.96970,0.97381,0.00710,0.01453,0.00455
10.65152,1.96970,0.99715,0.00005,0.00279,0.00002
10.74242,1.96970,0.95385,0.00309,0.03895,0.00412
10.83333,1.96970,0.96136,0.00037,0.03771,0.00056
10.92424,1.96970,0.98914,0.00364,0.00528,0.00195
11.01515,1.96970,0.99756,0.00006,0.00235,0.00003
11.10606,1.96970,0.98477,0.00176,0.00957,0.00391
11.19697,1.96970,0.99375,0.00017,0.00540,0.00068
11.28788,1.96970,0.99009,0.00192,0.00559,0.00240
11.37879,1.96970,0.99715,0.00007,0.00224,0.00054
11.46970,1.96970,0.97574,0.00233,0.00802,0.01392
11.56061,1.96970,0.99540,0.00013,0.00293,0.00154
11.65152,1.96970,0.99112,0.00097,0.00457,0.00333
11.74242,1.96970,0.99262,0.00211,0.00115,0.00413
11.83333,1.96970,0.99573,0.00218,0.00158,0.00051
11.92424,1.96970,0.98635,0.00792,0.00402,0.00171
12.01515,1.96970,0.99611,0.00224,0.00101,0.00064
12.10606,1.96970,0.99356,0.00552,0.00048,0.00044
12.19697,1.96970,0.96384,0.03142,0.00272,0.00202
12.28788,1.96970,0.90507,0.06252,0.00691,0.02551
12.37879,1.96970,0.96143,0.02153,0.01007,0.00696
12.46970,1.96970,0.96027,0.03651,0.00160,0.00162
12.56061,1.96970,0.92966,0.06349,0.00355,0.00330
12.65152,1.96970,0.57679,0.36858,0.00914,0.04550
12.74242,1.96970,0.96638,0.02594,0.00408,0.00360
12.83333,1.96970,0.95283,0.04173,0.00256,0.00287
12.92424,1.96970,0.96674,0.02817,0.00246,0.00262
13.01515,1.96970,0.90177,0.07366,0.00373,0.02084
13.10606,1.96970,0.98754,0.00789,0.00241,0.00216
13.19697,1.96970,0.98635,0.01153,0.00110,0.00102
13.28788,1.96970,0.99153,0.00641,0.00106,0.00100
13.37879,1.96970,0.99055,0.00545,0.00108,0.00293
13.46970,1.96970,0.99892,0.00057,0.00031,0.00021
13.56061,1.96970,0.99802,0.00071,0.00096,0.00031
13.65152,1.96970,0.99454,0.00146,0.00210,0.00190
13.74242,1.96970,0.99322,0.00170,0.00186,0.00322
13.83333,1.96970,0.99632,0.00065,0.00220,0.00083
13.92424,1.96970,0.99880,0.00027,0.00064,0.00029
14.01515,1.96970,0.99688,0.00062,0.00196,0.00054
14.10606,1.96970,0.99268,0.00346,0.00163,0.00223
14.19697,1.96970,0.98610,0.00497,0.00423,0.00470
14.28788,1.96970,0.98683,0.00587,0.00374,0.00357
14.37879,1.96970,0.99392,0.00516,0.00051,0.00041
14.46970,1.96970,0.99806,0.00170,0.00017,0.00007
14.56061,1.96970,0.97817,0.01990,0.00097,0.00096
14.65152,1.96970,0.97271,0.02440,0.00172,0.00118
14.74242,1.96970,0.92990,0.06552,0.00151,0.00307
14.83333,1.96970,0.94803,0.04859,0.00180,0.00158
14.92424,1.96970,0.80451,0.18920,0.00288,0.00342
15.01515,1.96970,0.86894,0.12505,0.00301,0.00301
15.10606,1.96970,0.90377,0.09227,0.00122,0.00274
15.19697,1.96970,0.97352,0.02439,0.00117,0.00093
15.28788,1.96970,0.96131,0.03585,0.00104,0.00180
15.37879,1.96970,0.97796,0.02010,0.00092,0.00102
15.46970,1.96970,0.94730,0.04905,0.00099,0.00265
15.56061,1.96970,0.99268,0.00622,0.00068,0.00042
15.65152,1.96970,0.98495,0.01384,0.00043,0.00078
15.74242,1.96970,0.99625,0.00285,0.00064,0.00025
15.83333,1.96970,0.99379,0.00424,0.00053,0.00143
15.92424,1.96970,0.99693,0.00193,0.00057,0.00058
16.01515,1.96970,0.99440,0.00241,0.00211,0.00108
16.10606,1.96970,0.99813,0.00059,0.00083,0.00045
16.19697,1.96970,0.99740,0.00061,0.00076,0.00124
16.28788,1.96970,0.97322,0.00307,0.01958,0.00414
16.37879,1.96970,0.97694,0.00810,0.00583,0.00914
16.46970,1.96970,0.94420,0.00105,0.04740,0.00735
16.56061,1.96970,0.98283,0.00539,0.00900,0.00278
16.65152,1.96970,0.92344,0.00256,0.04949,0.02451
16.74242,1.96970,0.93215,0.02761,0.03499,0.00525
16.83333,1.96970,0.89784,0.00050,0.09850,0.00315
16.92424,1.96970,0.86781,0.02115,0.10794,0.00310
17.01515,1.96970,0.77881,0.00105,0.21894,0.00120
17.10606,1.96970,0.87778,0.05448,0.06279,0.00495
17.19697,1.96970,0.91843,0.00081,0.08040,0.00036
17.28788,1.96970,0.55734,0.01781,0.42422,0.00063
17.37879,1.96970,0.11988,0.00164,0.87796,0.00052
17.46970,1.96970,0.91505,0.04239,0.04047,0.00210
17.56061,1.96970,0.66664,0.00892,0.32240,0.00204
17.65152,1.96970,0.72808,0.02299,0.24611,0.00282
17.74242,1.96970,0.62828,0.00123,0.36989,0.00059
17.83333,1.96970,0.95725,0.00688,0.03509,0.00077
17.92424,1.96970,0.95508,0.00034,0.04430,0.00027
18.01515,1.96970,0.89693,0.00069,0.10208,0.00030
18.10606,1.96970,0.78742,0.00072,0.21156,0.00030
18.19697,1.96970,0.97981,0.00255,0.01722,0.00042
18.28788,1.96970,0.99343,0.00141,0.00495,0.00022
18.37879,1.96970,0.99166,0.00050,0.00752,0.00032
18.46970,1.96970,0.96262,0.00047,0.03688,0.00003
18.56061,1.96970,0.99875,0.00036,0.00078,0.00011
18.65152,1.96970,0.99818,0.00062,0.00120,0.00001
18.74242,1.96970,0.99929,0.00002,0.00068,0.00001
18.83333,1.96970,0.99958,0.00012,0.00029,0.00001
18.92424,1.96970,0.99970,0.00008,0.00018,0.00004
19.01515,1.96970,0.99399,0.00031,0.00565,0.00006
19.10606,1.96970,0.99922,0.00025,0.00050,0.00004
19.19697,1.96970,0.98750,0.00521,0.00657,0.00071
19.28788,1.96970,0.77557,0.08480,0.02082,0.11880
19.37879,1.96970,0.97157,0.00464,0.02308,0.00070
19.46970,1.96970,0.99683,0.00095,0.00182,0.00040
19.56061,1.96970,0.98162,0.00368,0.00907,0.00563
19.65152,1.96970,0.78096,0.08821,0.01658,0.11424
19.74242,1.96970,0.98817,0.00145,0.00989,0.00049
19.83333,1.96970,0.99730,0.00080,0.00149,0.00041
19.92424,1.96970,0.99543,0.00130,0.00234,0.00094
20.01515,1.96970,0.95855,0.00805,0.00383,0.02958
20.10606,1.96970,0.99762,0.00019,0.00185,0.00034
20.19697,1.96970,0.99939,0.00007,0.00049,0.00005
20.28788,1.96970,0.99986,0.00000,0.00010,0.00004
20.37879,1.96970,0.99503,0.00030,0.00090,0.00377
20.46970,1.96970,0.99187,0.00047,0.00264,0.00503
20.56061,1.96970,0.99633,0.00064,0.00107,0.00195
20.65152,1.96970,0.99892,0.00006,0.00043,0.00059
20.74242,1.96970,0.99514,0.00055,0.00146,0.00284
20.83333,1.96970,0.98813,0.00046,0.00328,0.00812
