Time (seconds), Duration (seconds),pred_unlabelled,pred_left,pred_square,pred_circle,pred_right
0.01000,0.98000,0.94881,0.03965,0.00163,0.00634,0.00357
0.21000,0.98000,0.94733,0.04104,0.00163,0.00641,0.00360
0.41000,0.98000,0.94802,0.04039,0.00167,0.00630,0.00363
0.61000,0.98000,0.94685,0.04142,0.00169,0.00638,0.00367
0.81000,0.98000,0.94629,0.04193,0.00169,0.00641,0.00367
1.01000,0.98000,0.94589,0.04229,0.00170,0.00641,0.00370
1.21000,0.98000,0.94600,0.04218,0.00170,0.00644,0.00369
1.41000,0.98000,0.94662,0.04162,0.00168,0.00641,0.00367
1.61000,0.98000,0.92163,0.06393,0.00174,0.00906,0.00363
1.81000,0.98000,0.31156,0.66337,0.00569,0.01041,0.00896
2.01000,0.98000,0.03056,0.95528,0.00404,0.00399,0.00614
2.21000,0.98000,0.00289,0.99018,0.00145,0.00160,0.00388
2.41000,0.98000,0.00118,0.99551,0.00075,0.00061,0.00194
2.61000,0.98000,0.00209,0.99234,0.00076,0.00083,0.00398
2.81000,0.98000,0.79935,0.06990,0.00691,0.00247,0.12135
3.01000,0.98000,0.92510,0.02564,0.00526,0.01176,0.03223
3.21000,0.98000,0.97544,0.00490,0.00282,0.01209,0.00474
3.41000,0.98000,0.97419,0.00429,0.00301,0.01445,0.00405
3.61000,0.98000,0.97881,0.00423,0.00234,0.01112,0.00349
3.81000,0.98000,0.98064,0.00420,0.00206,0.00990,0.00319
4.01000,0.98000,0.95761,0.00539,0.00672,0.02592,0.00437
4.21000,0.98000,0.93258,0.00617,0.02041,0.03567,0.00517
4.41000,0.98000,0.11024,0.00769,0.80727,0.06444,0.01036
4.61000,0.98000,0.00042,0.00064,0.99145,0.00555,0.00194
4.81000,0.98000,0.00131,0.00096,0.99536,0.00078,0.00159
5.01000,0.98000,0.00014,0.00018,0.99746,0.00132,0.00090
5.21000,0.98000,0.00053,0.00051,0.99656,0.00107,0.00133
5.41000,0.98000,0.00124,0.00085,0.99458,0.00203,0.00129
5.61000,0.98000,0.74736,0.01851,0.22228,0.00617,0.00568
5.81000,0.98000,0.99490,0.00187,0.00091,0.00144,0.00088
6.01000,0.98000,0.98830,0.00558,0.00042,0.00500,0.00070
6.21000,0.98000,0.99522,0.00171,0.00039,0.00200,0.00069
6.41000,0.98000,0.98020,0.00457,0.00207,0.01001,0.00315
6.61000,0.98000,0.98396,0.00423,0.00156,0.00766,0.00260
6.81000,0.98000,0.98117,0.00439,0.00195,0.00955,0.00294
7.01000,0.98000,0.91431,0.00670,0.01112,0.06337,0.00451
7.21000,0.98000,0.45897,0.00503,0.02102,0.50921,0.00577
7.41000,0.98000,0.00711,0.00192,0.00586,0.98412,0.00099
7.61000,0.98000,0.00305,0.00090,0.00221,0.99342,0.00042
7.81000,0.98000,0.00535,0.00141,0.00152,0.99116,0.00056
8.01000,0.98000,0.00756,0.00154,0.00170,0.98888,0.00033
8.21000,0.98000,0.03944,0.00224,0.00230,0.95481,0.00121
8.41000,0.98000,0.92579,0.00381,0.00091,0.06733,0.00217
8.61000,0.98000,0.99328,0.00179,0.00029,0.00399,0.00066
8.81000,0.98000,0.99231,0.00196,0.00078,0.00384,0.00111
9.01000,0.98000,0.98779,0.00494,0.00089,0.00500,0.00137
9.21000,0.98000,0.98531,0.00475,0.00120,0.00674,0.00200
9.41000,0.98000,0.98359,0.00496,0.00123,0.00736,0.00286
9.61000,0.98000,0.93592,0.01166,0.00271,0.00921,0.04050
9.81000,0.98000,0.40907,0.01433,0.01048,0.01009,0.55603
10.01000,0.98000,0.00386,0.00314,0.00649,0.00103,0.98548
10.21000,0.98000,0.00276,0.00178,0.00432,0.00030,0.99084
10.41000,0.98000,0.00619,0.00294,0.00257,0.00045,0.98785
10.61000,0.98000,0.95660,0.02973,0.00092,0.00230,0.01045
10.81000,0.98000,0.98448,0.00966,0.00051,0.00464,0.00071
11.01000,0.98000,0.98705,0.00505,0.00094,0.00531,0.00164
11.21000,0.98000,0.98684,0.00548,0.00091,0.00513,0.00164
11.41000,0.98000,0.98568,0.00598,0.00097,0.00563,0.00173
11.61000,0.98000,0.98587,0.00563,0.00097,0.00577,0.00176
11.81000,0.98000,0.98603,0.00545,0.00102,0.00572,0.00178
12.01000,0.98000,0.98554,0.00545,0.00107,0.00610,0.00184
12.21000,0.98000,0.97852,0.00985,0.00184,0.00671,0.00309
12.41000,0.98000,0.79309,0.17326,0.00636,0.01956,0.00774
12.61000,0.98000,0.05295,0.92771,0.00408,0.00850,0.00677
12.81000,0.98000,0.00246,0.99247,0.00268,0.00085,0.00154
13.01000,0.98000,0.00281,0.99249,0.00138,0.00060,0.00272
13.21000,0.98000,0.09979,0.88265,0.00266,0.00304,0.01187
13.41000,0.98000,0.96853,0.01897,0.00131,0.00176,0.00943
13.61000,0.98000,0.99045,0.00540,0.00107,0.00136,0.00173
13.81000,0.98000,0.93807,0.04959,0.00152,0.00778,0.00304
14.01000,0.98000,0.93503,0.05227,0.00151,0.00806,0.00314
14.21000,0.98000,0.94028,0.04733,0.00155,0.00772,0.00312
14.41000,0.98000,0.92751,0.05580,0.00239,0.01154,0.00276
14.61000,0.98000,0.93551,0.04388,0.00957,0.00785,0.00319
14.81000,0.98000,0.73124,0.06414,0.18289,0.01366,0.00808
15.01000,0.98000,0.00052,0.00142,0.99041,0.00573,0.00193
15.21000,0.98000,0.00044,0.00110,0.99657,0.00063,0.00127
15.41000,0.98000,0.00009,0.00031,0.99803,0.00075,0.00082
15.61000,0.98000,0.00098,0.00274,0.99349,0.00143,0.00135
15.81000,0.98000,0.00053,0.00043,0.99584,0.00129,0.00191
16.01000,0.98000,0.65726,0.03020,0.29625,0.00559,0.01070
16.21000,0.98000,0.99037,0.00349,0.00350,0.00108,0.00156
16.41000,0.98000,0.99100,0.00323,0.00040,0.00478,0.00060
16.61000,0.98000,0.99709,0.00113,0.00026,0.00102,0.00050
16.81000,0.98000,0.98417,0.00632,0.00109,0.00646,0.00197
17.01000,0.98000,0.98600,0.00528,0.00106,0.00587,0.00179
17.21000,0.98000,0.97699,0.00674,0.00307,0.01113,0.00205
17.41000,0.98000,0.86909,0.01175,0.00554,0.11128,0.00234
17.61000,0.98000,0.06555,0.00719,0.00999,0.91565,0.00162
17.81000,0.98000,0.00172,0.00140,0.00539,0.99106,0.00043
18.01000,0.98000,0.00562,0.00117,0.00129,0.99126,0.00067
18.21000,0.98000,0.00199,0.00070,0.00225,0.99480,0.00026
18.41000,0.98000,0.00908,0.00147,0.00171,0.98729,0.00046
18.61000,0.98000,0.97826,0.00357,0.00031,0.01662,0.00124
18.81000,0.98000,0.98033,0.00661,0.00037,0.01176,0.00093
19.01000,0.98000,0.99424,0.00242,0.00042,0.00225,0.00067
19.21000,0.98000,0.98689,0.00696,0.00090,0.00363,0.00162
19.41000,0.98000,0.98422,0.00801,0.00092,0.00515,0.00170
19.61000,0.98000,0.97497,0.01219,0.00125,0.00575,0.00584
19.81000,0.98000,0.93046,0.01159,0.00212,0.00716,0.04868
20.01000,0.98000,0.13689,0.01290,0.00657,0.00482,0.83882
20.21000,0.98000,0.00297,0.00209,0.00442,0.00061,0.98991
20.41000,0.98000,0.00664,0.00170,0.00282,0.00041,0.98843
20.61000,0.98000,0.04320,0.00795,0.00704,0.00154,0.94026
20.81000,0.98000,0.98718,0.00769,0.00054,0.00386,0.00073
21.01000,0.98000,0.98674,0.00467,0.00094,0.00579,0.00187
21.21000,0.98000,0.98335,0.00482,0.00152,0.00772,0.00258
21.41000,0.98000,0.98474,0.00466,0.00132,0.00706,0.00221
