Time (seconds), Duration (seconds),pred_unlabelled,pred_click,pred_right,pred_left
0.01515,0.96970,0.99894,0.00039,0.00062,0.00005
0.10606,0.96970,0.99894,0.00039,0.00062,0.00005
0.19697,0.96970,0.99894,0.00039,0.00062,0.00005
0.28788,0.96970,0.99894,0.00039,0.00062,0.00005
0.37879,0.96970,0.99894,0.00039,0.00062,0.00005
0.46970,0.96970,0.99894,0.00039,0.00062,0.00005
0.56061,0.96970,0.99894,0.00039,0.00062,0.00005
0.65152,0.96970,0.99894,0.00039,0.00062,0.00005
0.74242,0.96970,0.99894,0.00039,0.00062,0.00005
0.83333,0.96970,0.99894,0.00039,0.00062,0.00005
0.92424,0.96970,0.99894,0.00039,0.00062,0.00005
1.01515,0.96970,0.99894,0.00039,0.00062,0.00005
1.10606,0.96970,0.99894,0.00039,0.00062,0.00005
1.19697,0.96970,0.99894,0.00039,0.00062,0.00005
1.28788,0.96970,0.99894,0.00039,0.00062,0.00005
1.37879,0.96970,0.99894,0.00039,0.00062,0.00005
1.46970,0.96970,0.99894,0.00039,0.00062,0.00005
1.56061,0.96970,0.99695,0.00195,0.00098,0.00011
1.65152,0.96970,0.60204,0.39329,0.00098,0.00369
1.74242,0.96970,0.34264,0.65180,0.00070,0.00487
1.83333,0.96970,0.07044,0.92879,0.00022,0.00056
1.92424,0.96970,0.02660,0.97296,0.00007,0.00037
2.01515,0.96970,0.01380,0.98598,0.00003,0.00018
2.10606,0.96970,0.00617,0.99378,0.00001,0.00004
2.19697,0.96970,0.00416,0.99582,0.00001,0.00001
2.28788,0.96970,0.00665,0.99332,0.00002,0.00002
2.37879,0.96970,0.01740,0.98254,0.00003,0.00003
2.46970,0.96970,0.01068,0.98928,0.00003,0.00001
2.56061,0.96970,0.10857,0.89084,0.00040,0.00019
2.65152,0.96970,0.28302,0.71646,0.00035,0.00017
2.74242,0.96970,0.97820,0.02116,0.00050,0.00014
2.83333,0.96970,0.98694,0.01245,0.00051,0.00010
2.92424,0.96970,0.99850,0.00073,0.00067,0.00010
3.01515,0.96970,0.99894,0.00040,0.00060,0.00006
3.10606,0.96970,0.99894,0.00039,0.00062,0.00005
3.19697,0.96970,0.99894,0.00039,0.00062,0.00005
3.28788,0.96970,0.99894,0.00039,0.00062,0.00005
3.37879,0.96970,0.99894,0.00039,0.00062,0.00005
3.46970,0.96970,0.99894,0.00039,0.00062,0.00005
3.56061,0.96970,0.99894,0.00039,0.00062,0.00005
3.65152,0.96970,0.99894,0.00039,0.00062,0.00005
3.74242,0.96970,0.99880,0.00047,0.00067,0.00005
3.83333,0.96970,0.70277,0.29403,0.00119,0.00201
3.92424,0.96970,0.59191,0.40339,0.00080,0.00390
4.01515,0.96970,0.23421,0.76409,0.00043,0.00126
4.10606,0.96970,0.06102,0.93845,0.00012,0.00041
4.19697,0.96970,0.02581,0.97399,0.00006,0.00015
4.28788,0.96970,0.00607,0.99390,0.00001,0.00003
4.37879,0.96970,0.00622,0.99375,0.00001,0.00003
4.46970,0.96970,0.00404,0.99595,0.00001,0.00001
4.56061,0.96970,0.00613,0.99385,0.00001,0.00001
4.65152,0.96970,0.00734,0.99263,0.00002,0.00001
4.74242,0.96970,0.01302,0.98693,0.00004,0.00001
4.83333,0.96970,0.05132,0.94847,0.00015,0.00006
4.92424,0.96970,0.29005,0.70932,0.00045,0.00018
5.01515,0.96970,0.87948,0.11973,0.00059,0.00021
5.10606,0.96970,0.99163,0.00774,0.00053,0.00010
5.19697,0.96970,0.99851,0.00085,0.00057,0.00007
5.28788,0.96970,0.99905,0.00034,0.00056,0.00006
5.37879,0.96970,0.99894,0.00039,0.00062,0.00005
5.46970,0.96970,0.99894,0.00039,0.00062,0.00005
5.56061,0.96970,0.99894,0.00039,0.00062,0.00005
5.65152,0.96970,0.99894,0.00039,0.00062,0.00005
5.74242,0.96970,0.99894,0.00039,0.00062,0.00005
5.83333,0.96970,0.99894,0.00039,0.00062,0.00005
5.92424,0.96970,0.99894,0.00039,0.00062,0.00005
6.01515,0.96970,0.99894,0.00039,0.00062,0.00005
6.10606,0.96970,0.99894,0.00039,0.00062,0.00005
6.19697,0.96970,0.99894,0.00039,0.00062,0.00005
6.28788,0.96970,0.99859,0.00046,0.00090,0.00004
6.37879,0.96970,0.74724,0.00139,0.25037,0.00100
6.46970,0.96970,0.31455,0.00075,0.68056,0.00414
6.56061,0.96970,0.18587,0.00035,0.81012,0.00365
6.65152,0.96970,0.03647,0.00009,0.96098,0.00246
6.74242,0.96970,0.02628,0.00007,0.97201,0.00164
6.83333,0.96970,0.00906,0.00019,0.98823,0.00252
6.92424,0.96970,0.00300,0.00001,0.99659,0.00040
7.01515,0.96970,0.00603,0.00018,0.99342,0.00037
7.10606,0.96970,0.01210,0.00006,0.98594,0.00190
7.19697,0.96970,0.00665,0.00016,0.99240,0.00078
7.28788,0.96970,0.04226,0.00020,0.95440,0.00314
7.37879,0.96970,0.58563,0.35720,0.05548,0.00169
7.46970,0.96970,0.66747,0.01206,0.31681,0.00366
7.56061,0.96970,0.99024,0.00366,0.00505,0.00104
7.65152,0.96970,0.98839,0.00035,0.00943,0.00184
7.74242,0.96970,0.99917,0.00015,0.00060,0.00008
7.83333,0.96970,0.99894,0.00039,0.00062,0.00005
7.92424,0.96970,0.99894,0.00039,0.00062,0.00005
8.01515,0.96970,0.99894,0.00039,0.00062,0.00005
8.10606,0.96970,0.99894,0.00039,0.00062,0.00005
8.19697,0.96970,0.99894,0.00039,0.00062,0.00005
8.28788,0.96970,0.99894,0.00039,0.00062,0.00005
8.37879,0.96970,0.99894,0.00039,0.00062,0.00005
8.46970,0.96970,0.99894,0.00039,0.00062,0.00005
8.56061,0.96970,0.99894,0.00039,0.00062,0.00005
8.65152,0.96970,0.99894,0.00039,0.00062,0.00005
8.74242,0.96970,0.38273,0.00150,0.61421,0.00156
8.83333,0.96970,0.35351,0.00067,0.64178,0.00404
8.92424,0.96970,0.30597,0.00060,0.68920,0.00423
9.01515,0.96970,0.02343,0.00006,0.97548,0.00103
9.10606,0.96970,0.01389,0.00010,0.98491,0.00110
9.19697,0.96970,0.00496,0.00007,0.99447,0.00051
9.28788,0.96970,0.00332,0.00002,0.99632,0.00034
9.37879,0.96970,0.00800,0.00023,0.99153,0.00025
9.46970,0.96970,0.06859,0.00256,0.92574,0.00311
9.56061,0.96970,0.10173,0.00372,0.89078,0.00376
9.65152,0.96970,0.43791,0.03058,0.51170,0.01981
9.74242,0.96970,0.24684,0.75082,0.00108,0.00127
9.83333,0.96970,0.56337,0.42898,0.00257,0.00508
9.92424,0.96970,0.28497,0.71419,0.00036,0.00048
10.01515,0.96970,0.83749,0.14568,0.00583,0.01099
10.10606,0.96970,0.96600,0.03179,0.00122,0.00099
10.19697,0.96970,0.99122,0.00763,0.00089,0.00026
10.28788,0.96970,0.99376,0.00572,0.00041,0.00011
10.37879,0.96970,0.99877,0.00022,0.00075,0.00026
10.46970,0.96970,0.99916,0.00026,0.00051,0.00007
10.56061,0.96970,0.99894,0.00039,0.00062,0.00005
10.65152,0.96970,0.99894,0.00039,0.00062,0.00005
10.74242,0.96970,0.99894,0.00039,0.00062,0.00005
10.83333,0.96970,0.99894,0.00039,0.00062,0.00005
10.92424,0.96970,0.99894,0.00039,0.00062,0.00005
11.01515,0.96970,0.99894,0.00039,0.00062,0.00005
11.10606,0.96970,0.99860,0.00051,0.00081,0.00008
11.19697,0.96970,0.98561,0.00243,0.00512,0.00684
11.28788,0.96970,0.16583,0.00321,0.00589,0.82507
11.37879,0.96970,0.09381,0.00135,0.01277,0.89208
11.46970,0.96970,0.04624,0.00059,0.00731,0.94586
11.56061,0.96970,0.01708,0.00027,0.00323,0.97942
11.65152,0.96970,0.00496,0.00008,0.00118,0.99378
11.74242,0.96970,0.04179,0.00013,0.01573,0.94235
11.83333,0.96970,0.00990,0.00002,0.00106,0.98902
11.92424,0.96970,0.27298,0.00017,0.04949,0.67736
12.01515,0.96970,0.78806,0.00010,0.06706,0.14477
12.10606,0.96970,0.90136,0.00010,0.02703,0.07151
12.19697,0.96970,0.98833,0.00006,0.00788,0.00373
12.28788,0.96970,0.99587,0.00004,0.00207,0.00202
12.37879,0.96970,0.99886,0.00003,0.00051,0.00060
12.46970,0.96970,0.99883,0.00053,0.00058,0.00007
12.56061,0.96970,0.99875,0.00048,0.00071,0.00005
12.65152,0.96970,0.99883,0.00040,0.00073,0.00004
12.74242,0.96970,0.99845,0.00069,0.00080,0.00005
12.83333,0.96970,0.99897,0.00038,0.00060,0.00005
12.92424,0.96970,0.99801,0.00133,0.00056,0.00009
13.01515,0.96970,0.99892,0.00038,0.00064,0.00006
13.10606,0.96970,0.99776,0.00154,0.00061,0.00009
13.19697,0.96970,0.99895,0.00037,0.00061,0.00006
13.28788,0.96970,0.89095,0.04671,0.00615,0.05619
13.37879,0.96970,0.46652,0.00849,0.00443,0.52056
13.46970,0.96970,0.12169,0.00908,0.00203,0.86719
13.56061,0.96970,0.02219,0.00537,0.00074,0.97171
13.65152,0.96970,0.00318,0.00063,0.00016,0.99603
13.74242,0.96970,0.00094,0.00034,0.00009,0.99863
13.83333,0.96970,0.00106,0.00010,0.00007,0.99877
13.92424,0.96970,0.01064,0.02157,0.00028,0.96750
14.01515,0.96970,0.01065,0.00048,0.00037,0.98850
14.10606,0.96970,0.19848,0.02375,0.00710,0.77067
14.19697,0.96970,0.15301,0.00073,0.00313,0.84314
14.28788,0.96970,0.86917,0.00185,0.10514,0.02384
14.37879,0.96970,0.99312,0.00006,0.00408,0.00275
14.46970,0.96970,0.99103,0.00111,0.00599,0.00188
14.56061,0.96970,0.99895,0.00013,0.00070,0.00021
14.65152,0.96970,0.99867,0.00068,0.00059,0.00007
14.74242,0.96970,0.99894,0.00039,0.00062,0.00005
14.83333,0.96970,0.99894,0.00039,0.00062,0.00005
14.92424,0.96970,0.99894,0.00039,0.00062,0.00005
15.01515,0.96970,0.99894,0.00039,0.00062,0.00005
15.10606,0.96970,0.99894,0.00039,0.00062,0.00005
15.19697,0.96970,0.99894,0.00039,0.00062,0.00005
15.28788,0.96970,0.99894,0.00039,0.00062,0.00005
15.37879,0.96970,0.99894,0.00039,0.00062,0.00005
15.46970,0.96970,0.54382,0.00160,0.45313,0.00145
15.56061,0.96970,0.18337,0.00096,0.81418,0.00149
15.65152,0.96970,0.11874,0.00102,0.87918,0.00105
15.74242,0.96970,0.13767,0.01814,0.84294,0.00125
15.83333,0.96970,0.21826,0.04709,0.73286,0.00180
15.92424,0.96970,0.08811,0.89668,0.01437,0.00084
16.01515,0.96970,0.23761,0.57753,0.18353,0.00133
16.10606,0.96970,0.09744,0.88713,0.01504,0.00040
16.19697,0.96970,0.00913,0.99069,0.00016,0.00002
16.28788,0.96970,0.00528,0.99469,0.00003,0.00001
16.37879,0.96970,0.00586,0.99412,0.00002,0.00001
16.46970,0.96970,0.00798,0.99199,0.00002,0.00001
16.56061,0.96970,0.02239,0.97754,0.00004,0.00002
16.65152,0.96970,0.06835,0.93141,0.00015,0.00008
16.74242,0.96970,0.50374,0.49555,0.00048,0.00023
16.83333,0.96970,0.97279,0.02670,0.00039,0.00013
16.92424,0.96970,0.99313,0.00622,0.00055,0.00010
17.01515,0.96970,0.99792,0.00139,0.00060,0.00009
17.10606,0.96970,0.99892,0.00041,0.00061,0.00006
17.19697,0.96970,0.99894,0.00039,0.00062,0.00005
17.28788,0.96970,0.99894,0.00039,0.00062,0.00005
17.37879,0.96970,0.99894,0.00039,0.00062,0.00005
17.46970,0.96970,0.99894,0.00039,0.00062,0.00005
17.56061,0.96970,0.99894,0.00039,0.00062,0.00005
17.65152,0.96970,0.99894,0.00039,0.00062,0.00005
