Time (seconds), Duration (seconds),pred_unlabelled,pred_left,pred_square,pred_circle,pred_right
0.01000,0.98000,0.95641,0.02368,0.00343,0.01062,0.00587
0.21000,0.98000,0.95314,0.02450,0.00365,0.01223,0.00649
0.41000,0.98000,0.86948,0.09924,0.00737,0.00798,0.01593
0.61000,0.98000,0.61025,0.31629,0.00737,0.01164,0.05444
0.81000,0.98000,0.03418,0.94578,0.00522,0.00064,0.01418
1.01000,0.98000,0.00528,0.97645,0.00340,0.00017,0.01470
1.21000,0.98000,0.01480,0.96883,0.00074,0.00021,0.01541
1.41000,0.98000,0.22426,0.76589,0.00299,0.00121,0.00566
1.61000,0.98000,0.93620,0.04777,0.00132,0.00242,0.01229
1.81000,0.98000,0.97864,0.01917,0.00054,0.00080,0.00085
2.01000,0.98000,0.94475,0.04372,0.00236,0.00504,0.00413
2.21000,0.98000,0.94541,0.04242,0.00241,0.00544,0.00432
2.41000,0.98000,0.94559,0.04208,0.00242,0.00555,0.00436
2.61000,0.98000,0.94936,0.03394,0.00520,0.00767,0.00382
2.81000,0.98000,0.75882,0.02720,0.17615,0.02547,0.01236
3.01000,0.98000,0.15272,0.00785,0.79780,0.03592,0.00572
3.21000,0.98000,0.00188,0.00042,0.99550,0.00127,0.00094
3.41000,0.98000,0.00285,0.00030,0.99561,0.00048,0.00076
3.61000,0.98000,0.00216,0.00039,0.99659,0.00035,0.00051
3.81000,0.98000,0.00122,0.00044,0.99735,0.00046,0.00053
4.01000,0.98000,0.01093,0.00087,0.98627,0.00133,0.00060
4.21000,0.98000,0.97874,0.01780,0.00190,0.00060,0.00096
4.41000,0.98000,0.98354,0.01229,0.00128,0.00219,0.00070
4.61000,0.98000,0.97744,0.01754,0.00114,0.00265,0.00124
4.81000,0.98000,0.94676,0.04068,0.00235,0.00582,0.00439
5.01000,0.98000,0.94899,0.03913,0.00216,0.00558,0.00413
5.21000,0.98000,0.95028,0.03714,0.00232,0.00585,0.00442
5.41000,0.98000,0.91437,0.02050,0.00935,0.04840,0.00738
5.61000,0.98000,0.07845,0.00592,0.00864,0.89984,0.00714
5.81000,0.98000,0.01070,0.00059,0.00347,0.98332,0.00192
6.01000,0.98000,0.00253,0.00013,0.00056,0.99607,0.00071
6.21000,0.98000,0.00375,0.00023,0.00049,0.99412,0.00142
6.41000,0.98000,0.01819,0.00040,0.00161,0.97749,0.00231
6.61000,0.98000,0.66320,0.00473,0.00358,0.30886,0.01963
6.81000,0.98000,0.89687,0.01288,0.00128,0.06789,0.02108
7.01000,0.98000,0.95618,0.02197,0.00095,0.01382,0.00708
7.21000,0.98000,0.97118,0.02303,0.00110,0.00247,0.00222
7.41000,0.98000,0.94970,0.03914,0.00201,0.00534,0.00382
7.61000,0.98000,0.94788,0.04043,0.00213,0.00555,0.00401
7.81000,0.98000,0.94843,0.03996,0.00215,0.00541,0.00405
8.01000,0.98000,0.88211,0.08761,0.00423,0.00657,0.01948
8.21000,0.98000,0.72391,0.09628,0.00471,0.02156,0.15354
8.41000,0.98000,0.02024,0.00664,0.00266,0.00641,0.96406
8.61000,0.98000,0.00193,0.00085,0.00073,0.00175,0.99474
8.81000,0.98000,0.00385,0.00103,0.00066,0.00352,0.99093
9.01000,0.98000,0.01055,0.00564,0.00187,0.00477,0.97717
9.21000,0.98000,0.90343,0.09281,0.00166,0.00087,0.00123
9.41000,0.98000,0.95707,0.03504,0.00185,0.00304,0.00299
9.61000,0.98000,0.94584,0.04285,0.00232,0.00491,0.00408
9.81000,0.98000,0.94513,0.04297,0.00235,0.00529,0.00426
10.01000,0.98000,0.94528,0.04270,0.00235,0.00538,0.00429
10.21000,0.98000,0.94633,0.04177,0.00231,0.00535,0.00423
10.41000,0.98000,0.94630,0.04135,0.00239,0.00558,0.00438
10.61000,0.98000,0.82218,0.15620,0.00587,0.00489,0.01087
10.81000,0.98000,0.28810,0.68666,0.00646,0.00326,0.01552
11.01000,0.98000,0.03198,0.95622,0.00357,0.00046,0.00778
11.21000,0.98000,0.00245,0.99511,0.00082,0.00006,0.00155
11.41000,0.98000,0.02205,0.97434,0.00091,0.00014,0.00256
11.61000,0.98000,0.13628,0.85931,0.00170,0.00051,0.00220
11.81000,0.98000,0.92525,0.06793,0.00099,0.00255,0.00328
12.01000,0.98000,0.98732,0.00955,0.00070,0.00112,0.00131
12.21000,0.98000,0.94653,0.04181,0.00236,0.00509,0.00422
12.41000,0.98000,0.94647,0.04152,0.00233,0.00544,0.00424
12.61000,0.98000,0.94936,0.03722,0.00283,0.00634,0.00425
12.81000,0.98000,0.94832,0.02585,0.01108,0.01112,0.00362
13.01000,0.98000,0.19689,0.01864,0.74574,0.02728,0.01146
13.21000,0.98000,0.00592,0.00139,0.98562,0.00524,0.00183
13.41000,0.98000,0.00155,0.00040,0.99691,0.00038,0.00076
13.61000,0.98000,0.00318,0.00050,0.99515,0.00033,0.00084
13.81000,0.98000,0.00112,0.00045,0.99754,0.00037,0.00051
14.01000,0.98000,0.00682,0.00065,0.99048,0.00134,0.00070
14.21000,0.98000,0.93452,0.00671,0.05164,0.00505,0.00207
14.41000,0.98000,0.97941,0.00802,0.00629,0.00536,0.00091
14.61000,0.98000,0.97500,0.01708,0.00195,0.00416,0.00182
14.81000,0.98000,0.96801,0.02826,0.00079,0.00159,0.00135
15.01000,0.98000,0.94899,0.03906,0.00211,0.00574,0.00410
15.21000,0.98000,0.94920,0.03813,0.00256,0.00645,0.00367
15.41000,0.98000,0.84643,0.02973,0.00893,0.10770,0.00721
15.61000,0.98000,0.12110,0.00738,0.00935,0.85515,0.00702
15.81000,0.98000,0.00788,0.00052,0.00169,0.98845,0.00146
16.01000,0.98000,0.00320,0.00018,0.00046,0.99542,0.00075
16.21000,0.98000,0.00479,0.00023,0.00054,0.99310,0.00134
16.41000,0.98000,0.00899,0.00034,0.00086,0.98855,0.00126
16.61000,0.98000,0.89608,0.00312,0.00397,0.08994,0.00689
16.81000,0.98000,0.87708,0.00917,0.00165,0.09110,0.02100
17.01000,0.98000,0.94345,0.02198,0.00117,0.02536,0.00804
17.21000,0.98000,0.97552,0.01954,0.00065,0.00221,0.00208
17.41000,0.98000,0.95139,0.03702,0.00194,0.00576,0.00389
17.61000,0.98000,0.95169,0.03571,0.00218,0.00630,0.00412
17.81000,0.98000,0.86502,0.09364,0.00321,0.01034,0.02779
18.01000,0.98000,0.17842,0.03312,0.00722,0.02638,0.75485
18.21000,0.98000,0.00809,0.00376,0.00160,0.00831,0.97823
18.41000,0.98000,0.00163,0.00065,0.00041,0.00210,0.99521
18.61000,0.98000,0.00649,0.00119,0.00070,0.00309,0.98853
18.81000,0.98000,0.15689,0.02562,0.00601,0.00538,0.80610
19.01000,0.98000,0.99164,0.00668,0.00057,0.00049,0.00062
19.21000,0.98000,0.94745,0.03911,0.00251,0.00618,0.00473
19.41000,0.98000,0.94746,0.03948,0.00239,0.00617,0.00450
19.61000,0.98000,0.94751,0.03957,0.00234,0.00609,0.00448
