# Time (seconds),f0,f1,f2
0.0151515,0,0.5,0.5
0.0454545303030303,0,0.5,0.5
0.0757575606060606,0,0.5,0.5
0.10606059090909091,0,0.5,0.5
0.13636362121212123,0,0.5,0.5
0.16666665151515153,0,0.5,0.5
0.19696968181818184,0,0.5,0.5
0.22727271212121214,0,0.5,0.5
0.2575757424242424,0,0.5,0.5
0.2878787727272727,0,0.5,0.5
0.318181803030303,0,0.5,0.5
0.34848483333333335,0,0.5,0.5
0.37878786363636363,0,0.5,0.5
0.4090908939393939,0,0.5,0.5
0.43939392424242424,0,0.5,0.5
0.46969695454545457,0,0.5,0.5
0.49999998484848485,0,0.5,0.5
0.5303030151515151,0,0.5,0.5
0.5606060454545454,0,0.5,0.5
0.5909090757575758,0,0.5,0.5
0.6212121060606061,0,0.5,0.5
0.6515151363636363,0,0.5,0.5
0.6818181666666667,0,0.5,0.5
0.712121196969697,0,0.5,0.5
0.7424242272727273,0,0.5,0.5
0.7727272575757576,0,0.5,0.5
0.8030302878787878,0,0.5,0.5
0.8333333181818182,0,0.5,0.5
0.8636363484848485,0,0.5,0.5
0.8939393787878788,0,0.5,0.5
0.9242424090909092,0,0.5,0.5
0.9545454393939394,0,0.5,0.5
0.9848484696969697,0,0.5,0.5
1.0151515,0,0.5,0.5
1.0454545303030303,0,0.5,0.5
1.0757575606060605,0,0.5,0.5
1.1060605909090908,0,0.5,0.5
1.1363636212121213,0,0.5,0.5
1.1666666515151516,0,0.5,0.5
1.1969696818181819,0,0.5,0.5
1.2272727121212121,0,0.5,0.5
1.2575757424242424,0,0.5,0.5
1.2878787727272727,0,0.5,0.5
1.318181803030303,0,0.5,0.5
1.3484848333333335,0,0.5,0.5
1.3787878636363637,0,0.5,0.5
1.409090893939394,0,0.5,0.5
1.4393939242424243,0,0.5,0.5
1.4696969545454546,0,0.5,0.5
1.4999999848484848,0,0.5,0.5
1.5303030151515151,0,0.5,0.5
1.5606060454545454,0,0.5,0.5
1.5909090757575757,0,0.5,0.5
1.6212121060606062,0,0.5,0.5
1.6515151363636364,0,0.5,0.5
1.6818181666666667,0,0.5,0.5
1.712121196969697,0,0.5,0.5
1.7424242272727273,0,0.5,0.5
1.7727272575757576,0,0.5,0.5
1.8030302878787878,0,0.5,0.5
1.8333333181818183,0,0.5,0.5
1.8636363484848486,0,0.5,0.5
1.8939393787878789,0,0.5,0.5
1.9242424090909092,0,0.5,0.5
1.9545454393939394,0,0.5,0.5
1.9848484696969697,0,0.5,0.5
2.0151515,0,0.5,0.5
2.0454545303030303,0,0.5,0.5
2.0757575606060605,0,0.5,0.5
2.106060590909091,0,0.5,0.5
2.136363621212121,0,0.5,0.5
2.1666666515151514,0,0.5,0.5
2.1969696818181816,0,0.5,0.5
2.2272727121212124,0,0.5,0.5
2.2575757424242426,0,0.5,0.5
2.287878772727273,0,0.5,0.5
2.318181803030303,0,0.5,0.5
2.3484848333333335,0,0.5,0.5
2.3787878636363637,0,0.5,0.5
2.409090893939394,0,0.5,0.5
2.4393939242424243,0,0.5,0.5
2.4696969545454546,0,0.5,0.5
2.499999984848485,0,0.5,0.5
2.530303015151515,0,0.5,0.5
2.5606060454545454,0,0.5,0.5
2.5909090757575757,0,0.5,0.5
2.621212106060606,0,0.5,0.5
2.6515151363636362,0,0.5,0.5
2.681818166666667,0,0.5,0.5
2.7121211969696972,0,0.5,0.5
2.7424242272727275,0,0.5,0.5
2.7727272575757578,0,0.5,0.5
2.803030287878788,0.21875,0.3058792054653168,0.5905787348747253
2.8333333181818183,0.1875,0.29696351289749146,0.5824114680290222
2.8636363484848486,0,0.5,0.5
2.893939378787879,0,0.5,0.5
2.924242409090909,0.125,0.21196503937244415,0.45128482580184937
2.9545454393939394,0.09375,0.26535001397132874,0.4659803509712219
2.9848484696969697,0.09375,0.31046611070632935,0.4444519579410553
3.0151515,0.09375,0.06505674123764038,0.43944182991981506
3.0454545303030303,0.0625,0.360725075006485,0.2643292546272278
3.0757575606060605,0.03125,0.36227530241012573,0.24035952985286713
3.106060590909091,0.0625,0.36687755584716797,0.2951977849006653
3.136363621212121,0.0625,0.4696846306324005,0.3471735715866089
3.1666666515151514,0.0625,0.23580975830554962,0.46285900473594666
3.196969681818182,0.0625,0.37383848428726196,0.3861401081085205
3.2272727121212124,0.09375,0.24461786448955536,0.5492839217185974
3.2575757424242426,0.09375,0.6030442714691162,0.5414095520973206
3.287878772727273,0.125,0.2539745271205902,0.5182660818099976
3.318181803030303,0.125,0.31059178709983826,0.48561644554138184
3.3484848333333335,0.15625,0.31412866711616516,0.5055758357048035
3.3787878636363637,0.21875,0.32516002655029297,0.4554687738418579
3.409090893939394,0.1875,0.30332258343696594,0.5417758822441101
3.4393939242424243,0,0.5,0.5
3.4696969545454546,0,0.5,0.5
3.499999984848485,0,0.5,0.5
3.530303015151515,0,0.5,0.5
3.5606060454545454,0,0.5,0.5
3.5909090757575757,0,0.5,0.5
3.621212106060606,0,0.5,0.5
3.6515151363636367,0,0.5,0.5
3.681818166666667,0,0.5,0.5
3.7121211969696972,0,0.5,0.5
3.7424242272727275,0,0.5,0.5
3.7727272575757578,0,0.5,0.5
3.803030287878788,0,0.5,0.5
3.8333333181818183,0,0.5,0.5
3.8636363484848486,0,0.5,0.5
3.893939378787879,0,0.5,0.5
3.924242409090909,0,0.5,0.5
3.9545454393939394,0,0.5,0.5
3.9848484696969697,0,0.5,0.5
4.0151515,0,0.5,0.5
4.04545453030303,0,0.5,0.5
4.0757575606060605,0,0.5,0.5
4.106060590909091,0,0.5,0.5
4.136363621212121,0,0.5,0.5
4.166666651515151,0,0.5,0.5
4.196969681818182,0,0.5,0.5
4.227272712121212,0,0.5,0.5
4.257575742424242,0,0.5,0.5
4.2878787727272725,0,0.5,0.5
4.318181803030303,0,0.5,0.5
4.348484833333333,0,0.5,0.5
4.378787863636363,0,0.5,0.5
4.4090908939393945,0,0.5,0.5
4.439393924242425,0,0.5,0.5
4.469696954545455,0,0.5,0.5
4.499999984848485,0,0.5,0.5
4.530303015151516,0,0.5,0.5
4.560606045454546,0,0.5,0.5
4.590909075757576,0,0.5,0.5
4.621212106060606,0,0.5,0.5
4.651515136363637,0,0.5,0.5
4.681818166666667,0,0.5,0.5
4.712121196969697,0,0.5,0.5
4.7424242272727275,0,0.5,0.5
4.772727257575758,0,0.5,0.5
4.803030287878788,0,0.5,0.5
4.833333318181818,0,0.5,0.5
4.863636348484849,0,0.5,0.5
4.893939378787879,0,0.5,0.5
4.924242409090909,0,0.5,0.5
4.954545439393939,0,0.5,0.5
4.98484846969697,0,0.5,0.5
5.0151515,0,0.5,0.5
5.04545453030303,0,0.5,0.5
5.0757575606060605,0,0.5,0.5
5.106060590909091,0,0.5,0.5
5.136363621212121,0,0.5,0.5
5.166666651515151,0.25,0.30380159616470337,0.5641186833381653
5.196969681818182,0.21875,0.3423541188240051,0.5960366725921631
5.227272712121212,0,0.5,0.5
5.257575742424242,0.21875,0.2809319794178009,0.58175128698349
5.2878787727272725,0,0.5,0.5
5.318181803030303,0.15625,0.23851387202739716,0.49347662925720215
5.348484833333334,0.15625,0.9778606295585632,0.41604262590408325
5.378787863636364,0.09375,0.34270355105400085,0.2931307852268219
5.4090908939393945,0.09375,0.2722960114479065,0.3959428369998932
5.439393924242425,0.09375,0.7489702105522156,0.1309821754693985
5.469696954545455,0.0625,0.6341001987457275,0.4444996118545532
5.499999984848485,0.0625,0.2545015215873718,0.5174401998519897
5.530303015151516,0.03125,0.33256545662879944,0.4268028736114502
5.560606045454546,0.03125,0.3823056221008301,0.3076029419898987
5.590909075757576,0.0625,0.539771318435669,0.257396399974823
5.621212106060606,0.03125,0.28792306780815125,0.4705190658569336
5.651515136363637,0.0625,0.5150014758110046,0.41492292284965515
5.681818166666667,0.0625,0.3019625246524811,0.40623393654823303
5.712121196969697,0.09375,0.3096185028553009,0.36820071935653687
5.7424242272727275,0.125,0.12668925523757935,0.5969070792198181
5.772727257575758,0.125,0.3030899167060852,0.5841953754425049
5.803030287878788,0.1875,0.31478455662727356,0.3738482594490051
5.833333318181818,0.1875,0.3200118839740753,0.5824193358421326
5.863636348484849,0.1875,0.32040780782699585,0.5472491979598999
5.893939378787879,0.21875,0.31308045983314514,0.5674956440925598
5.924242409090909,0,0.5,0.5
5.954545439393939,0,0.5,0.5
5.98484846969697,0,0.5,0.5
6.0151515,0,0.5,0.5
6.04545453030303,0,0.5,0.5
6.0757575606060605,0,0.5,0.5
6.106060590909091,0,0.5,0.5
6.136363621212121,0,0.5,0.5
6.166666651515151,0,0.5,0.5
6.196969681818182,0,0.5,0.5
6.227272712121212,0,0.5,0.5
6.257575742424242,0,0.5,0.5
6.2878787727272725,0,0.5,0.5
6.318181803030303,0,0.5,0.5
6.348484833333334,0,0.5,0.5
6.378787863636364,0,0.5,0.5
6.4090908939393945,0,0.5,0.5
6.439393924242425,0,0.5,0.5
6.469696954545455,0,0.5,0.5
6.499999984848485,0,0.5,0.5
6.530303015151516,0,0.5,0.5
6.560606045454546,0,0.5,0.5
6.590909075757576,0,0.5,0.5
6.621212106060606,0,0.5,0.5
6.651515136363637,0,0.5,0.5
6.681818166666667,0,0.5,0.5
6.712121196969697,0,0.5,0.5
6.7424242272727275,0,0.5,0.5
6.772727257575758,0,0.5,0.5
6.803030287878788,0,0.5,0.5
6.833333318181818,0,0.5,0.5
6.863636348484849,0,0.5,0.5
6.893939378787879,0,0.5,0.5
6.924242409090909,0,0.5,0.5
6.954545439393939,0,0.5,0.5
6.98484846969697,0,0.5,0.5
7.0151515,0,0.5,0.5
7.04545453030303,0,0.5,0.5
7.0757575606060605,0,0.5,0.5
7.106060590909091,0,0.5,0.5
7.136363621212121,0,0.5,0.5
7.166666651515151,0,0.5,0.5
7.196969681818182,0,0.5,0.5
7.227272712121212,0,0.5,0.5
7.257575742424242,0,0.5,0.5
7.287878772727273,0,0.5,0.5
7.318181803030304,0,0.5,0.5
7.348484833333334,0,0.5,0.5
7.378787863636364,0,0.5,0.5
7.4090908939393945,0,0.5,0.5
7.439393924242425,0,0.5,0.5
7.469696954545455,0,0.5,0.5
7.499999984848485,0,0.5,0.5
7.530303015151516,0,0.5,0.5
7.560606045454546,0,0.5,0.5
7.590909075757576,0,0.5,0.5
7.621212106060606,0,0.5,0.5
7.651515136363637,0,0.5,0.5
7.681818166666667,0,0.5,0.5
7.712121196969697,0,0.5,0.5
7.7424242272727275,0,0.5,0.5
7.772727257575758,0,0.5,0.5
7.803030287878788,0,0.5,0.5
7.833333318181818,0,0.5,0.5
7.863636348484849,0,0.5,0.5
7.893939378787879,0,0.5,0.5
7.924242409090909,0,0.5,0.5
7.954545439393939,0,0.5,0.5
7.98484846969697,0,0.5,0.5
8.0151515,0,0.5,0.5
8.045454530303031,0,0.5,0.5
8.07575756060606,0,0.5,0.5
8.106060590909092,0,0.5,0.5
8.136363621212121,0,0.5,0.5
8.166666651515152,0,0.5,0.5
8.196969681818182,0,0.5,0.5
8.227272712121213,0,0.5,0.5
8.257575742424242,0,0.5,0.5
8.287878772727273,0,0.5,0.5
8.318181803030303,0,0.5,0.5
8.348484833333334,0,0.5,0.5
8.378787863636363,0.125,0.7505961656570435,0.3855258524417877
8.409090893939394,0.09375,0.7642034292221069,0.3701704740524292
8.439393924242424,0.09375,0.6682831645011902,0.4813632667064667
8.469696954545455,0.09375,0.5796173810958862,0.4873890280723572
8.499999984848484,0.0625,0.5393571853637695,0.700066864490509
8.530303015151516,0.0625,0.23470626771450043,0.47746559977531433
8.560606045454545,0.0625,0.5464879870414734,0.4280136823654175
8.590909075757576,0.0625,0.27732911705970764,0.7549424767494202
8.621212106060606,0.0625,0.2084859311580658,0.03145327419042587
8.651515136363637,0.0625,0.18661411106586456,0.19400954246520996
8.681818166666666,0,0.5,0.5
8.712121196969697,0,0.5,0.5
8.742424227272727,0,0.5,0.5
8.772727257575758,0,0.5,0.5
8.803030287878789,0,0.5,0.5
8.833333318181818,0,0.5,0.5
8.86363634848485,0,0.5,0.5
8.893939378787879,0,0.5,0.5
8.92424240909091,0,0.5,0.5
8.95454543939394,0.25,0.0776907280087471,0.6210314035415649
8.98484846969697,0,0.5,0.5
9.0151515,0.28125,0.013429769314825535,0.5576505064964294
9.045454530303031,0.28125,0.11345284432172775,0.6035060882568359
9.07575756060606,0.28125,0.18040284514427185,0.649013876914978
9.106060590909092,0.28125,0.22583459317684174,0.6620657444000244
9.136363621212121,0,0.5,0.5
9.166666651515152,0,0.5,0.5
9.196969681818182,0,0.5,0.5
9.227272712121213,0,0.5,0.5
9.257575742424242,0,0.5,0.5
9.287878772727273,0,0.5,0.5
9.318181803030303,0,0.5,0.5
9.348484833333334,0,0.5,0.5
9.378787863636363,0,0.5,0.5
9.409090893939394,0,0.5,0.5
9.439393924242424,0,0.5,0.5
9.469696954545455,0,0.5,0.5
9.499999984848484,0,0.5,0.5
9.530303015151516,0,0.5,0.5
9.560606045454545,0,0.5,0.5
9.590909075757576,0,0.5,0.5
9.621212106060606,0,0.5,0.5
9.651515136363637,0,0.5,0.5
9.681818166666666,0,0.5,0.5
9.712121196969697,0,0.5,0.5
9.742424227272728,0,0.5,0.5
9.772727257575758,0,0.5,0.5
9.803030287878789,0,0.5,0.5
9.833333318181818,0,0.5,0.5
9.86363634848485,0,0.5,0.5
9.893939378787879,0,0.5,0.5
9.92424240909091,0,0.5,0.5
9.95454543939394,0,0.5,0.5
9.98484846969697,0,0.5,0.5
10.0151515,0,0.5,0.5
10.045454530303031,0,0.5,0.5
10.07575756060606,0,0.5,0.5
10.106060590909092,0,0.5,0.5
10.136363621212121,0,0.5,0.5
10.166666651515152,0,0.5,0.5
10.196969681818182,0,0.5,0.5
10.227272712121213,0,0.5,0.5
10.257575742424242,0,0.5,0.5
10.287878772727273,0,0.5,0.5
10.318181803030303,0,0.5,0.5
10.348484833333334,0,0.5,0.5
10.378787863636363,0,0.5,0.5
10.409090893939394,0,0.5,0.5
10.439393924242424,0,0.5,0.5
10.469696954545455,0,0.5,0.5
10.499999984848484,0,0.5,0.5
10.530303015151516,0,0.5,0.5
10.560606045454545,0,0.5,0.5
10.590909075757576,0,0.5,0.5
10.621212106060606,0,0.5,0.5
10.651515136363637,0,0.5,0.5
10.681818166666668,0,0.5,0.5
10.712121196969697,0,0.5,0.5
10.742424227272728,0,0.5,0.5
10.772727257575758,0,0.5,0.5
10.803030287878789,0,0.5,0.5
10.833333318181818,0,0.5,0.5
10.86363634848485,0,0.5,0.5
10.893939378787879,0,0.5,0.5
10.92424240909091,0,0.5,0.5
10.95454543939394,0,0.5,0.5
10.98484846969697,0,0.5,0.5
11.0151515,0,0.5,0.5
11.045454530303031,0,0.5,0.5
11.07575756060606,0,0.5,0.5
11.106060590909092,0,0.5,0.5
11.136363621212121,0,0.5,0.5
11.166666651515152,0,0.5,0.5
11.196969681818182,0,0.5,0.5
11.227272712121213,0,0.5,0.5
11.257575742424242,0,0.5,0.5
11.287878772727273,0,0.5,0.5
11.318181803030303,0,0.5,0.5
11.348484833333334,0,0.5,0.5
11.378787863636363,0,0.5,0.5
11.409090893939394,0,0.5,0.5
11.439393924242424,0,0.5,0.5
11.469696954545455,0,0.5,0.5
11.499999984848484,0,0.5,0.5
11.530303015151516,0,0.5,0.5
11.560606045454545,0,0.5,0.5
11.590909075757576,0,0.5,0.5
11.621212106060606,0,0.5,0.5
11.651515136363637,0,0.5,0.5
11.681818166666668,0,0.5,0.5
11.712121196969697,0.15625,0.7953046560287476,0.5274045467376709
11.742424227272728,0.125,0.831526517868042,0.5173070430755615
11.772727257575758,0,0.5,0.5
11.803030287878789,0.125,0.7819561958312988,0.3647371828556061
11.833333318181818,0.09375,0.608979344367981,0.3948949873447418
11.86363634848485,0.09375,0.6861368417739868,0.38888102769851685
11.893939378787879,0.09375,0.4447278082370758,0.5015678405761719
11.92424240909091,0.0625,0.5605460405349731,0.20338916778564453
11.95454543939394,0.0625,0.6878018975257874,0.34623968601226807
11.98484846969697,0.0625,0.6248226165771484,0.45668327808380127
12.0151515,0.0625,0.5636782646179199,0.11325328797101974
12.045454530303031,0.0625,0.21803225576877594,0.14809389412403107
12.07575756060606,0.0625,0.1607925444841385,0.1966010183095932
12.106060590909092,0,0.5,0.5
12.136363621212121,0,0.5,0.5
12.166666651515152,0,0.5,0.5
12.196969681818182,0,0.5,0.5
12.227272712121213,0,0.5,0.5
12.257575742424242,0,0.5,0.5
12.287878772727273,0,0.5,0.5
12.318181803030303,0,0.5,0.5
12.348484833333334,0,0.5,0.5
12.378787863636363,0,0.5,0.5
12.409090893939394,0,0.5,0.5
12.439393924242424,0.28125,0.10124160349369049,0.6060141921043396
12.469696954545455,0.28125,0.13435932993888855,0.6339183449745178
12.499999984848484,0,0.5,0.5
12.530303015151516,0,0.5,0.5
12.560606045454545,0,0.5,0.5
12.590909075757576,0,0.5,0.5
12.621212106060606,0,0.5,0.5
12.651515136363637,0,0.5,0.5
12.681818166666668,0,0.5,0.5
12.712121196969697,0,0.5,0.5
12.742424227272728,0,0.5,0.5
12.772727257575758,0,0.5,0.5
12.803030287878789,0,0.5,0.5
12.833333318181818,0,0.5,0.5
12.86363634848485,0,0.5,0.5
12.893939378787879,0,0.5,0.5
12.92424240909091,0,0.5,0.5
12.95454543939394,0,0.5,0.5
12.98484846969697,0,0.5,0.5
13.0151515,0,0.5,0.5
13.045454530303031,0,0.5,0.5
13.07575756060606,0,0.5,0.5
13.106060590909092,0,0.5,0.5
13.136363621212121,0,0.5,0.5
13.166666651515152,0,0.5,0.5
13.196969681818182,0,0.5,0.5
13.227272712121213,0,0.5,0.5
13.257575742424242,0,0.5,0.5
13.287878772727273,0,0.5,0.5
13.318181803030303,0,0.5,0.5
13.348484833333334,0,0.5,0.5
13.378787863636363,0,0.5,0.5
13.409090893939394,0,0.5,0.5
13.439393924242424,0,0.5,0.5
13.469696954545455,0,0.5,0.5
13.499999984848484,0,0.5,0.5
13.530303015151516,0,0.5,0.5
13.560606045454545,0,0.5,0.5
13.590909075757576,0,0.5,0.5
13.621212106060607,0,0.5,0.5
13.651515136363637,0,0.5,0.5
13.681818166666668,0,0.5,0.5
13.712121196969697,0,0.5,0.5
13.742424227272728,0,0.5,0.5
13.772727257575758,0,0.5,0.5
13.803030287878789,0,0.5,0.5
13.833333318181818,0,0.5,0.5
13.86363634848485,0,0.5,0.5
13.893939378787879,0,0.5,0.5
13.92424240909091,0,0.5,0.5
13.95454543939394,0,0.5,0.5
13.98484846969697,0,0.5,0.5
14.0151515,0,0.5,0.5
14.045454530303031,0,0.5,0.5
14.07575756060606,0,0.5,0.5
14.106060590909092,0,0.5,0.5
14.136363621212121,0,0.5,0.5
14.166666651515152,0,0.5,0.5
14.196969681818182,0.1875,0.8170018196105957,0.5284581184387207
14.227272712121213,0,0.5,0.5
14.257575742424242,0,0.5,0.5
14.287878772727273,0,0.5,0.5
14.318181803030303,0.09375,0.752630889415741,0.3292871415615082
14.348484833333334,0.09375,0.7497699856758118,0.20508643984794617
14.378787863636363,0.09375,0.767768919467926,0.3679543137550354
14.409090893939394,0.09375,0.7841535806655884,0.37319502234458923
14.439393924242424,0.09375,0.7478702068328857,0.42447468638420105
14.469696954545455,0.09375,0.7162162661552429,0.1828935295343399
14.499999984848484,0.09375,0.6293445229530334,0.42067065834999084
14.530303015151516,0.09375,0.359524130821228,0.8578431010246277
14.560606045454547,0.09375,0.36721134185791016,0.37344837188720703
14.590909075757576,0.09375,0.23675031960010529,0.18328917026519775
14.621212106060607,0.125,0.11646158248186111,0.2814801335334778
14.651515136363637,0,0.5,0.5
14.681818166666668,0,0.5,0.5
14.712121196969697,0,0.5,0.5
14.742424227272728,0,0.5,0.5
14.772727257575758,0,0.5,0.5
14.803030287878789,0,0.5,0.5
14.833333318181818,0,0.5,0.5
14.86363634848485,0,0.5,0.5
14.893939378787879,0,0.5,0.5
14.92424240909091,0,0.5,0.5
14.95454543939394,0,0.5,0.5
14.98484846969697,0,0.5,0.5
15.0151515,0,0.5,0.5
15.045454530303031,0,0.5,0.5
15.07575756060606,0,0.5,0.5
15.106060590909092,0,0.5,0.5
15.136363621212121,0,0.5,0.5
15.166666651515152,0,0.5,0.5
15.196969681818182,0,0.5,0.5
15.227272712121213,0,0.5,0.5
15.257575742424242,0,0.5,0.5
15.287878772727273,0,0.5,0.5
15.318181803030303,0,0.5,0.5
15.348484833333334,0,0.5,0.5
15.378787863636363,0,0.5,0.5
15.409090893939394,0,0.5,0.5
15.439393924242424,0,0.5,0.5
15.469696954545455,0,0.5,0.5
15.499999984848484,0,0.5,0.5
15.530303015151516,0,0.5,0.5
15.560606045454547,0,0.5,0.5
15.590909075757576,0,0.5,0.5
15.621212106060607,0,0.5,0.5
15.651515136363637,0,0.5,0.5
15.681818166666668,0,0.5,0.5
15.712121196969697,0,0.5,0.5
15.742424227272728,0,0.5,0.5
15.772727257575758,0,0.5,0.5
15.803030287878789,0,0.5,0.5
15.833333318181818,0,0.5,0.5
15.86363634848485,0,0.5,0.5
15.893939378787879,0,0.5,0.5
15.92424240909091,0,0.5,0.5
15.95454543939394,0,0.5,0.5
15.98484846969697,0,0.5,0.5
16.0151515,0,0.5,0.5
16.045454530303033,0,0.5,0.5
16.075757560606064,0,0.5,0.5
16.10606059090909,0,0.5,0.5
16.136363621212123,0,0.5,0.5
16.166666651515154,0,0.5,0.5
16.196969681818185,0,0.5,0.5
16.227272712121213,0,0.5,0.5
16.257575742424244,0,0.5,0.5
16.287878772727275,0,0.5,0.5
16.318181803030306,0,0.5,0.5
16.348484833333334,0,0.5,0.5
16.378787863636365,0,0.5,0.5
16.409090893939396,0,0.5,0.5
16.439393924242427,0,0.5,0.5
16.469696954545455,0,0.5,0.5
16.499999984848486,0,0.5,0.5
16.530303015151517,0,0.5,0.5
16.56060604545455,0,0.5,0.5
16.59090907575758,0,0.5,0.5
16.621212106060607,0,0.5,0.5
16.65151513636364,0,0.5,0.5
16.68181816666667,0,0.5,0.5
16.7121211969697,0,0.5,0.5
16.74242422727273,0,0.5,0.5
16.77272725757576,0,0.5,0.5
16.80303028787879,0,0.5,0.5
16.833333318181822,0.1875,0.7512786984443665,0.42355427145957947
16.86363634848485,0.15625,0.6670020818710327,0.4610579013824463
16.89393937878788,0.15625,0.6860693693161011,0.4893254041671753
16.924242409090912,0.125,0.5780028104782104,0.4935753047466278
16.954545439393943,0.125,0.5348960161209106,0.5100597739219666
16.98484846969697,0.125,0.5329615473747253,0.3751901686191559
17.0151515,0.125,0.2590330243110657,0.30503225326538086
17.045454530303033,0.09375,0.47241106629371643,0.3697587847709656
17.075757560606064,0.09375,0.3354242742061615,0.3113498091697693
17.10606059090909,0,0.5,0.5
17.136363621212123,0.09375,0.2430420219898224,0.3171386420726776
17.166666651515154,0.125,0.13620620965957642,0.11091610789299011
17.196969681818185,0.125,0.11832113564014435,0.3500431776046753
17.227272712121213,0,0.5,0.5
17.257575742424244,0,0.5,0.5
17.287878772727275,0,0.5,0.5
17.318181803030306,0,0.5,0.5
17.348484833333334,0,0.5,0.5
17.378787863636365,0,0.5,0.5
17.409090893939396,0,0.5,0.5
17.439393924242427,0,0.5,0.5
17.469696954545455,0.3125,0.14755013585090637,0.6274611353874207
17.499999984848486,0.3125,0.26632845401763916,0.6588141918182373
17.530303015151517,0,0.5,0.5
17.56060604545455,0,0.5,0.5
17.59090907575758,0,0.5,0.5
17.621212106060607,0,0.5,0.5
17.65151513636364,0,0.5,0.5
17.68181816666667,0,0.5,0.5
17.7121211969697,0,0.5,0.5
17.74242422727273,0,0.5,0.5
17.77272725757576,0,0.5,0.5
17.80303028787879,0,0.5,0.5
17.833333318181822,0,0.5,0.5
17.86363634848485,0,0.5,0.5
17.89393937878788,0,0.5,0.5
17.924242409090912,0,0.5,0.5
17.954545439393943,0,0.5,0.5
17.98484846969697,0,0.5,0.5
18.0151515,0,0.5,0.5
18.045454530303033,0,0.5,0.5
18.075757560606064,0,0.5,0.5
18.10606059090909,0,0.5,0.5
18.136363621212123,0,0.5,0.5
18.166666651515154,0,0.5,0.5
18.196969681818185,0,0.5,0.5
18.227272712121213,0,0.5,0.5
18.257575742424244,0,0.5,0.5
18.287878772727275,0,0.5,0.5
18.318181803030306,0,0.5,0.5
18.348484833333334,0,0.5,0.5
18.378787863636365,0,0.5,0.5
18.409090893939396,0,0.5,0.5
18.439393924242427,0,0.5,0.5
18.46969695454546,0,0.5,0.5
18.499999984848486,0,0.5,0.5
18.530303015151517,0,0.5,0.5
18.56060604545455,0,0.5,0.5
18.59090907575758,0,0.5,0.5
18.621212106060607,0,0.5,0.5
18.65151513636364,0,0.5,0.5
18.68181816666667,0,0.5,0.5
18.7121211969697,0,0.5,0.5
18.74242422727273,0,0.5,0.5
18.77272725757576,0,0.5,0.5
18.80303028787879,0,0.5,0.5
18.833333318181822,0,0.5,0.5
18.86363634848485,0,0.5,0.5
18.89393937878788,0,0.5,0.5
18.924242409090912,0,0.5,0.5
18.954545439393943,0,0.5,0.5
18.98484846969697,0,0.5,0.5
19.0151515,0,0.5,0.5
19.045454530303033,0,0.5,0.5
19.075757560606064,0,0.5,0.5
19.10606059090909,0,0.5,0.5
19.136363621212123,0,0.5,0.5
19.166666651515154,0,0.5,0.5
19.196969681818185,0,0.5,0.5
19.227272712121213,0,0.5,0.5
19.257575742424244,0.125,0.16864092648029327,0.4151919484138489
19.287878772727275,0.125,0.22857390344142914,0.34816253185272217
19.318181803030306,0.125,0.16702091693878174,0.5932079553604126
19.348484833333334,0.09375,0.372389554977417,0.16476228833198547
19.378787863636365,0.09375,0.6358389854431152,0.36818721890449524
19.409090893939396,0.09375,0.5918423533439636,0.28529080748558044
19.439393924242427,0.125,0.5934192538261414,0.39711958169937134
19.46969695454546,0.125,0.7477797865867615,0.37338531017303467
19.499999984848486,0.15625,0.7998640537261963,0.3502046465873718
19.530303015151517,0.1875,0.8148646950721741,0.29716530442237854
19.56060604545455,0,0.5,0.5
19.59090907575758,0,0.5,0.5
19.621212106060607,0,0.5,0.5
19.65151513636364,0,0.5,0.5
19.68181816666667,0,0.5,0.5
19.7121211969697,0,0.5,0.5
19.74242422727273,0,0.5,0.5
19.77272725757576,0,0.5,0.5
19.80303028787879,0,0.5,0.5
19.833333318181822,0,0.5,0.5
19.86363634848485,0,0.5,0.5
19.89393937878788,0,0.5,0.5
19.924242409090912,0,0.5,0.5
19.954545439393943,0,0.5,0.5
19.98484846969697,0,0.5,0.5
20.0151515,0,0.5,0.5
20.045454530303033,0,0.5,0.5
20.075757560606064,0,0.5,0.5
20.10606059090909,0,0.5,0.5
20.136363621212123,0,0.5,0.5
20.166666651515154,0,0.5,0.5
20.196969681818185,0,0.5,0.5
20.227272712121213,0,0.5,0.5
20.257575742424244,0,0.5,0.5
20.287878772727275,0,0.5,0.5
20.318181803030306,0,0.5,0.5
20.348484833333334,0,0.5,0.5
20.378787863636365,0,0.5,0.5
20.409090893939396,0,0.5,0.5
20.439393924242427,0,0.5,0.5
20.46969695454546,0,0.5,0.5
20.499999984848486,0,0.5,0.5
20.530303015151517,0,0.5,0.5
20.56060604545455,0,0.5,0.5
20.59090907575758,0,0.5,0.5
20.621212106060607,0,0.5,0.5
20.65151513636364,0,0.5,0.5
20.68181816666667,0,0.5,0.5
20.7121211969697,0,0.5,0.5
20.74242422727273,0,0.5,0.5
20.77272725757576,0,0.5,0.5
20.80303028787879,0,0.5,0.5
20.833333318181822,0,0.5,0.5
20.86363634848485,0,0.5,0.5
20.89393937878788,0,0.5,0.5
20.924242409090912,0,0.5,0.5
20.954545439393943,0,0.5,0.5
20.98484846969697,0,0.5,0.5
21.0151515,0,0.5,0.5
21.045454530303033,0,0.5,0.5
21.075757560606064,0,0.5,0.5
21.10606059090909,0,0.5,0.5
21.136363621212123,0,0.5,0.5
21.166666651515154,0,0.5,0.5
21.196969681818185,0,0.5,0.5
21.227272712121213,0,0.5,0.5
21.257575742424244,0,0.5,0.5
21.287878772727275,0,0.5,0.5
21.318181803030306,0,0.5,0.5
21.348484833333337,0.25,0.07082229107618332,0.578116774559021
21.378787863636365,0,0.5,0.5
21.409090893939396,0,0.5,0.5
21.439393924242427,0,0.5,0.5
21.46969695454546,0,0.5,0.5
21.499999984848486,0,0.5,0.5
21.530303015151517,0,0.5,0.5
21.56060604545455,0,0.5,0.5
21.59090907575758,0,0.5,0.5
21.621212106060607,0,0.5,0.5
21.65151513636364,0,0.5,0.5
21.68181816666667,0.15625,0.07188404351472855,0.46397536993026733
21.7121211969697,0.09375,0.2731732130050659,0.3304290175437927
21.74242422727273,0.125,0.8740745186805725,0.3940536081790924
21.77272725757576,0.09375,0.30257633328437805,0.6308384537696838
21.80303028787879,0.09375,0.5663753151893616,0.35744336247444153
21.833333318181822,0.09375,0.5078454613685608,0.5312185287475586
21.86363634848485,0.09375,0.6497472524642944,0.45084667205810547
21.89393937878788,0.125,0.7343469858169556,0.16592474281787872
21.924242409090912,0.125,0.7292267680168152,0.3796359598636627
21.954545439393943,0.15625,0.9223538637161255,0.3353758156299591
21.98484846969697,0.15625,0.8024077415466309,0.18328192830085754
22.0151515,0,0.5,0.5
22.045454530303033,0,0.5,0.5
22.075757560606064,0.15625,0.806337833404541,0.3870362639427185
22.10606059090909,0,0.5,0.5
22.136363621212123,0,0.5,0.5
22.166666651515154,0,0.5,0.5
22.196969681818185,0,0.5,0.5
22.227272712121213,0,0.5,0.5
22.257575742424244,0,0.5,0.5
22.287878772727275,0,0.5,0.5
22.318181803030306,0,0.5,0.5
22.348484833333337,0,0.5,0.5
22.378787863636365,0,0.5,0.5
22.409090893939396,0,0.5,0.5
22.439393924242427,0,0.5,0.5
22.46969695454546,0,0.5,0.5
22.499999984848486,0,0.5,0.5
22.530303015151517,0,0.5,0.5
22.56060604545455,0,0.5,0.5
22.59090907575758,0,0.5,0.5
22.621212106060607,0,0.5,0.5
22.65151513636364,0,0.5,0.5
22.68181816666667,0,0.5,0.5
22.7121211969697,0,0.5,0.5
22.74242422727273,0,0.5,0.5
22.77272725757576,0,0.5,0.5
22.80303028787879,0,0.5,0.5
22.833333318181822,0,0.5,0.5
22.86363634848485,0,0.5,0.5
22.89393937878788,0,0.5,0.5
22.924242409090912,0,0.5,0.5
22.954545439393943,0,0.5,0.5
22.98484846969697,0,0.5,0.5
23.0151515,0,0.5,0.5
23.045454530303033,0,0.5,0.5
23.075757560606064,0,0.5,0.5
23.10606059090909,0,0.5,0.5
23.136363621212123,0,0.5,0.5
23.166666651515154,0,0.5,0.5
23.196969681818185,0,0.5,0.5
23.227272712121213,0,0.5,0.5
23.257575742424244,0,0.5,0.5
23.287878772727275,0,0.5,0.5
23.318181803030306,0,0.5,0.5
23.348484833333337,0,0.5,0.5
23.378787863636365,0,0.5,0.5
23.409090893939396,0,0.5,0.5
23.439393924242427,0,0.5,0.5
23.46969695454546,0,0.5,0.5
23.499999984848486,0,0.5,0.5
23.530303015151517,0,0.5,0.5
23.56060604545455,0,0.5,0.5
23.59090907575758,0,0.5,0.5
23.621212106060607,0,0.5,0.5
23.65151513636364,0,0.5,0.5
23.68181816666667,0,0.5,0.5
23.7121211969697,0,0.5,0.5
23.74242422727273,0,0.5,0.5
23.77272725757576,0,0.5,0.5
23.80303028787879,0,0.5,0.5
23.833333318181822,0.15625,0.08923538029193878,0.30299296975135803
23.86363634848485,0.125,0.13747093081474304,0.32010290026664734
23.89393937878788,0.125,0.19278688728809357,0.2314971387386322
23.924242409090912,0.09375,0.24067145586013794,0.3051815927028656
23.954545439393943,0.09375,0.3206808865070343,0.32555362582206726
23.98484846969697,0.09375,0.38203343749046326,0.1296263486146927
24.0151515,0.09375,0.24891048669815063,0.49875614047050476
24.045454530303033,0.09375,0.5836963057518005,0.28642722964286804
24.075757560606064,0.09375,0.6273115277290344,0.34397003054618835
24.10606059090909,0.09375,0.6678466796875,0.5720043778419495
24.136363621212123,0.125,0.7221826314926147,0.3557463586330414
24.166666651515154,0.09375,0.6171764135360718,0.39956340193748474
24.196969681818185,0.09375,0.6850140690803528,0.41545000672340393
24.227272712121213,0.125,0.7473896145820618,0.39514684677124023
24.257575742424244,0.125,0.7584294080734253,0.4020414650440216
24.287878772727275,0.125,0.744888186454773,0.40739038586616516
24.318181803030306,0,0.5,0.5
24.348484833333337,0.15625,0.8095237016677856,0.35843467712402344
24.378787863636365,0.15625,0.8377882838249207,0.4305824339389801
24.409090893939396,0,0.5,0.5
24.439393924242427,0,0.5,0.5
24.46969695454546,0,0.5,0.5
24.499999984848486,0,0.5,0.5
24.530303015151517,0,0.5,0.5
24.56060604545455,0,0.5,0.5
24.59090907575758,0,0.5,0.5
24.621212106060607,0,0.5,0.5
24.65151513636364,0,0.5,0.5
24.68181816666667,0,0.5,0.5
24.7121211969697,0,0.5,0.5
24.74242422727273,0,0.5,0.5
24.77272725757576,0,0.5,0.5
24.80303028787879,0,0.5,0.5
24.833333318181822,0,0.5,0.5
24.86363634848485,0,0.5,0.5
24.89393937878788,0,0.5,0.5
24.924242409090912,0,0.5,0.5
24.954545439393943,0,0.5,0.5
24.98484846969697,0,0.5,0.5
25.0151515,0,0.5,0.5
25.045454530303033,0,0.5,0.5
25.075757560606064,0,0.5,0.5
25.10606059090909,0,0.5,0.5
25.136363621212123,0,0.5,0.5
25.166666651515154,0,0.5,0.5
25.196969681818185,0,0.5,0.5
25.227272712121213,0,0.5,0.5
25.257575742424244,0,0.5,0.5
25.287878772727275,0,0.5,0.5
25.318181803030306,0,0.5,0.5
25.348484833333337,0,0.5,0.5
25.378787863636365,0,0.5,0.5
25.409090893939396,0,0.5,0.5
25.439393924242427,0,0.5,0.5
25.46969695454546,0,0.5,0.5
25.499999984848486,0,0.5,0.5
25.530303015151517,0,0.5,0.5
25.56060604545455,0,0.5,0.5
25.59090907575758,0,0.5,0.5
25.621212106060607,0,0.5,0.5
25.65151513636364,0,0.5,0.5
25.68181816666667,0,0.5,0.5
25.7121211969697,0,0.5,0.5
25.74242422727273,0,0.5,0.5
25.77272725757576,0,0.5,0.5
25.80303028787879,0,0.5,0.5
25.833333318181822,0,0.5,0.5
25.86363634848485,0,0.5,0.5
25.89393937878788,0,0.5,0.5
25.924242409090912,0,0.5,0.5
25.954545439393943,0,0.5,0.5
25.98484846969697,0,0.5,0.5
26.0151515,0,0.5,0.5
26.045454530303033,0,0.5,0.5
26.075757560606064,0.15625,0.10672992467880249,0.30237269401550293
26.10606059090909,0.125,0.15135784447193146,0.33417901396751404
26.136363621212123,0.15625,0.19560186564922333,0.3213539123535156
26.166666651515154,0.125,0.22401346266269684,0.310456246137619
26.196969681818185,0.09375,0.291802316904068,0.3967841565608978
26.227272712121216,0.09375,0.2524499297142029,0.6306717395782471
26.257575742424244,0.09375,0.5710278749465942,0.5224233865737915
26.287878772727275,0.09375,0.5552570819854736,0.5606029629707336
26.318181803030306,0.125,0.8728253245353699,0.5804023146629333
26.348484833333337,0.125,0.6052416563034058,0.12765857577323914
26.378787863636365,0.125,0.8171568512916565,0.18664176762104034
26.409090893939396,0.125,0.7390403151512146,0.32838839292526245
26.439393924242427,0,0.5,0.5
26.46969695454546,0,0.5,0.5
26.499999984848486,0,0.5,0.5
26.530303015151517,0,0.5,0.5
26.56060604545455,0,0.5,0.5
26.59090907575758,0,0.5,0.5
26.621212106060607,0,0.5,0.5
26.65151513636364,0,0.5,0.5
26.68181816666667,0,0.5,0.5
26.7121211969697,0,0.5,0.5
26.74242422727273,0,0.5,0.5
26.77272725757576,0,0.5,0.5
26.80303028787879,0,0.5,0.5
26.833333318181822,0,0.5,0.5
26.86363634848485,0,0.5,0.5
26.89393937878788,0,0.5,0.5
26.924242409090912,0,0.5,0.5
26.954545439393943,0,0.5,0.5
26.98484846969697,0,0.5,0.5
27.0151515,0,0.5,0.5
27.045454530303033,0,0.5,0.5
27.075757560606064,0,0.5,0.5
27.10606059090909,0,0.5,0.5
27.136363621212123,0,0.5,0.5
27.166666651515154,0,0.5,0.5
27.196969681818185,0,0.5,0.5
27.227272712121216,0,0.5,0.5
27.257575742424244,0,0.5,0.5
27.287878772727275,0,0.5,0.5
27.318181803030306,0,0.5,0.5
27.348484833333337,0,0.5,0.5
27.378787863636365,0,0.5,0.5
27.409090893939396,0,0.5,0.5
27.439393924242427,0,0.5,0.5
27.46969695454546,0,0.5,0.5
27.499999984848486,0,0.5,0.5
27.530303015151517,0,0.5,0.5
27.56060604545455,0,0.5,0.5
27.59090907575758,0,0.5,0.5
27.621212106060607,0,0.5,0.5
27.65151513636364,0,0.5,0.5
27.68181816666667,0,0.5,0.5
27.7121211969697,0,0.5,0.5
27.74242422727273,0,0.5,0.5
27.77272725757576,0,0.5,0.5
27.80303028787879,0,0.5,0.5
27.833333318181822,0,0.5,0.5
27.86363634848485,0,0.5,0.5
27.89393937878788,0,0.5,0.5
27.924242409090912,0,0.5,0.5
27.954545439393943,0,0.5,0.5
27.98484846969697,0,0.5,0.5
28.0151515,0,0.5,0.5
28.045454530303033,0,0.5,0.5
28.075757560606064,0,0.5,0.5
28.10606059090909,0,0.5,0.5
28.136363621212123,0,0.5,0.5
28.166666651515154,0,0.5,0.5
