Time (seconds), Duration (seconds),pred_unlabelled,pred_left,pred_square,pred_circle,pred_right
0.01000,0.98000,0.96900,0.02496,0.00089,0.00200,0.00315
0.21000,0.98000,0.96869,0.02546,0.00084,0.00190,0.00310
0.41000,0.98000,0.96877,0.02536,0.00085,0.00193,0.00309
0.61000,0.98000,0.65508,0.33792,0.00113,0.00320,0.00267
0.81000,0.98000,0.18328,0.81554,0.00016,0.00036,0.00067
1.01000,0.98000,0.01357,0.98605,0.00010,0.00005,0.00023
1.21000,0.98000,0.00046,0.99952,0.00000,0.00000,0.00001
1.41000,0.98000,0.00012,0.99985,0.00000,0.00000,0.00003
1.61000,0.98000,0.00068,0.99932,0.00000,0.00000,0.00001
1.81000,0.98000,0.30716,0.69173,0.00003,0.00040,0.00067
2.01000,0.98000,0.29659,0.69232,0.00040,0.00172,0.00896
2.21000,0.98000,0.96945,0.02496,0.00079,0.00177,0.00303
2.41000,0.98000,0.96786,0.02647,0.00083,0.00188,0.00296
2.61000,0.98000,0.96713,0.02699,0.00087,0.00202,0.00298
2.81000,0.98000,0.96791,0.02580,0.00093,0.00232,0.00304
3.01000,0.98000,0.96753,0.02576,0.00098,0.00255,0.00317
3.21000,0.98000,0.92868,0.01668,0.03963,0.00940,0.00561
3.41000,0.98000,0.82261,0.02531,0.14179,0.00623,0.00406
3.61000,0.98000,0.00239,0.00021,0.99708,0.00028,0.00004
3.81000,0.98000,0.00033,0.00001,0.99954,0.00011,0.00001
4.01000,0.98000,0.00033,0.00004,0.99960,0.00002,0.00001
4.21000,0.98000,0.00163,0.00013,0.99814,0.00007,0.00003
4.41000,0.98000,0.01034,0.00055,0.98766,0.00131,0.00014
4.61000,0.98000,0.71959,0.00319,0.27561,0.00078,0.00084
4.81000,0.98000,0.96719,0.01639,0.01440,0.00075,0.00127
5.01000,0.98000,0.98755,0.00896,0.00177,0.00096,0.00077
5.21000,0.98000,0.99048,0.00614,0.00048,0.00144,0.00146
5.41000,0.98000,0.96945,0.02064,0.00120,0.00529,0.00342
5.61000,0.98000,0.96967,0.01980,0.00123,0.00581,0.00349
5.81000,0.98000,0.96887,0.01974,0.00127,0.00644,0.00367
6.01000,0.98000,0.96892,0.02043,0.00120,0.00592,0.00354
6.21000,0.98000,0.96903,0.02046,0.00121,0.00567,0.00363
6.41000,0.98000,0.94837,0.01823,0.00394,0.02407,0.00540
6.61000,0.98000,0.95527,0.00215,0.00698,0.02516,0.01045
6.81000,0.98000,0.06319,0.00062,0.00233,0.93301,0.00085
7.01000,0.98000,0.00386,0.00022,0.00190,0.99240,0.00162
7.21000,0.98000,0.00471,0.00018,0.00114,0.99365,0.00033
7.41000,0.98000,0.00077,0.00005,0.00036,0.99877,0.00005
7.61000,0.98000,0.00089,0.00001,0.00019,0.99886,0.00004
7.81000,0.98000,0.12305,0.00092,0.00531,0.86878,0.00194
8.01000,0.98000,0.76476,0.00332,0.00151,0.22703,0.00338
8.21000,0.98000,0.96105,0.00758,0.00089,0.02900,0.00147
8.41000,0.98000,0.99366,0.00256,0.00027,0.00172,0.00179
8.61000,0.98000,0.97212,0.02123,0.00089,0.00295,0.00282
8.81000,0.98000,0.96973,0.02184,0.00116,0.00393,0.00334
9.01000,0.98000,0.96911,0.02239,0.00118,0.00391,0.00341
9.21000,0.98000,0.96899,0.02277,0.00115,0.00375,0.00335
9.41000,0.98000,0.96255,0.03300,0.00085,0.00091,0.00268
9.61000,0.98000,0.67720,0.00541,0.00533,0.00372,0.30834
9.81000,0.98000,0.05890,0.00001,0.00033,0.00005,0.94071
10.01000,0.98000,0.00044,0.00000,0.00021,0.00002,0.99933
10.21000,0.98000,0.00059,0.00000,0.00006,0.00002,0.99932
10.41000,0.98000,0.03667,0.00006,0.00052,0.00011,0.96263
10.61000,0.98000,0.97044,0.01614,0.00022,0.00012,0.01308
10.81000,0.98000,0.98697,0.00864,0.00035,0.00087,0.00317
11.01000,0.98000,0.97996,0.01485,0.00055,0.00112,0.00353
11.21000,0.98000,0.97694,0.01788,0.00057,0.00109,0.00352
11.41000,0.98000,0.97485,0.01985,0.00060,0.00112,0.00358
11.61000,0.98000,0.97530,0.01951,0.00058,0.00111,0.00350
11.81000,0.98000,0.97522,0.01961,0.00058,0.00111,0.00348
12.01000,0.98000,0.97550,0.01943,0.00057,0.00108,0.00343
12.21000,0.98000,0.95927,0.03484,0.00048,0.00083,0.00457
12.41000,0.98000,0.95808,0.03223,0.00027,0.00031,0.00912
12.61000,0.98000,0.03936,0.95942,0.00006,0.00005,0.00111
12.81000,0.98000,0.05267,0.94075,0.00020,0.00082,0.00556
13.01000,0.98000,0.02002,0.97077,0.00009,0.00007,0.00905
13.21000,0.98000,0.02551,0.97401,0.00021,0.00017,0.00011
13.41000,0.98000,0.93769,0.04771,0.00069,0.00402,0.00990
13.61000,0.98000,0.97833,0.01703,0.00122,0.00099,0.00242
13.81000,0.98000,0.96881,0.02557,0.00076,0.00205,0.00282
14.01000,0.98000,0.96835,0.02526,0.00093,0.00238,0.00308
14.21000,0.98000,0.96816,0.02526,0.00096,0.00254,0.00308
14.41000,0.98000,0.96925,0.02390,0.00099,0.00276,0.00311
14.61000,0.98000,0.96864,0.02404,0.00105,0.00305,0.00322
14.81000,0.98000,0.97255,0.01755,0.00152,0.00437,0.00401
15.01000,0.98000,0.94388,0.00771,0.02812,0.00973,0.01056
15.21000,0.98000,0.67090,0.02271,0.28844,0.00998,0.00796
15.41000,0.98000,0.00626,0.00045,0.99266,0.00036,0.00027
15.61000,0.98000,0.00112,0.00001,0.99871,0.00011,0.00005
15.81000,0.98000,0.00006,0.00001,0.99992,0.00000,0.00000
16.01000,0.98000,0.00033,0.00003,0.99957,0.00003,0.00004
16.21000,0.98000,0.00030,0.00003,0.99958,0.00005,0.00004
16.41000,0.98000,0.02015,0.00242,0.97680,0.00030,0.00033
16.61000,0.98000,0.93220,0.00855,0.05495,0.00198,0.00231
16.81000,0.98000,0.94929,0.03024,0.01540,0.00274,0.00233
17.01000,0.98000,0.99331,0.00500,0.00035,0.00061,0.00073
17.21000,0.98000,0.97135,0.02284,0.00088,0.00205,0.00288
17.41000,0.98000,0.96968,0.02423,0.00087,0.00231,0.00290
17.61000,0.98000,0.97035,0.02346,0.00088,0.00240,0.00291
17.81000,0.98000,0.97001,0.02350,0.00092,0.00259,0.00298
18.01000,0.98000,0.96956,0.02129,0.00135,0.00395,0.00385
18.21000,0.98000,0.83197,0.00704,0.00775,0.14686,0.00637
18.41000,0.98000,0.04413,0.00024,0.00106,0.95433,0.00023
18.61000,0.98000,0.00050,0.00005,0.00015,0.99927,0.00003
18.81000,0.98000,0.00037,0.00000,0.00004,0.99957,0.00002
19.01000,0.98000,0.00009,0.00000,0.00002,0.99989,0.00000
19.21000,0.98000,0.00020,0.00002,0.00002,0.99975,0.00000
19.41000,0.98000,0.17192,0.00046,0.00071,0.82622,0.00068
19.61000,0.98000,0.87608,0.01178,0.00106,0.11023,0.00084
19.81000,0.98000,0.99246,0.00338,0.00056,0.00307,0.00053
20.01000,0.98000,0.99537,0.00216,0.00019,0.00077,0.00151
20.21000,0.98000,0.97019,0.02368,0.00087,0.00193,0.00333
20.41000,0.98000,0.96833,0.02565,0.00088,0.00195,0.00320
20.61000,0.98000,0.96829,0.02547,0.00091,0.00206,0.00326
20.81000,0.98000,0.95135,0.02585,0.00162,0.00340,0.01778
21.01000,0.98000,0.85579,0.01656,0.00285,0.00359,0.12122
21.21000,0.98000,0.51920,0.00181,0.00085,0.00057,0.47757
21.41000,0.98000,0.00153,0.00032,0.00050,0.00011,0.99753
21.61000,0.98000,0.00302,0.00012,0.00034,0.00036,0.99615
21.81000,0.98000,0.34200,0.00248,0.00249,0.00142,0.65160
22.01000,0.98000,0.94334,0.04485,0.00086,0.00040,0.01055
22.21000,0.98000,0.99339,0.00231,0.00039,0.00089,0.00301
22.41000,0.98000,0.98773,0.00659,0.00056,0.00124,0.00387
22.61000,0.98000,0.98393,0.01051,0.00056,0.00119,0.00381
