Time (seconds), Duration (seconds),pred_unlabelled,pred_left,pred_square,pred_circle,pred_right
0.01000,0.98000,0.94972,0.03830,0.00202,0.00596,0.00400
0.21000,0.98000,0.94999,0.03806,0.00201,0.00595,0.00398
0.41000,0.98000,0.78605,0.19337,0.00584,0.00562,0.00913
0.61000,0.98000,0.30102,0.67344,0.00870,0.00330,0.01355
0.81000,0.98000,0.02364,0.96765,0.00301,0.00037,0.00532
1.01000,0.98000,0.00301,0.99436,0.00118,0.00005,0.00140
1.21000,0.98000,0.00395,0.99281,0.00095,0.00006,0.00224
1.41000,0.98000,0.08070,0.91533,0.00225,0.00023,0.00149
1.61000,0.98000,0.87726,0.11654,0.00257,0.00073,0.00289
1.81000,0.98000,0.98411,0.01368,0.00061,0.00067,0.00093
2.01000,0.98000,0.95646,0.03445,0.00194,0.00374,0.00341
2.21000,0.98000,0.94616,0.03845,0.00283,0.00734,0.00521
2.41000,0.98000,0.94540,0.03973,0.00274,0.00714,0.00500
2.61000,0.98000,0.94747,0.03666,0.00339,0.00752,0.00496
2.81000,0.98000,0.94380,0.02600,0.01386,0.01202,0.00433
3.01000,0.98000,0.19859,0.02330,0.74535,0.01959,0.01316
3.21000,0.98000,0.00458,0.00113,0.98956,0.00300,0.00173
3.41000,0.98000,0.00190,0.00058,0.99608,0.00038,0.00106
3.61000,0.98000,0.00131,0.00046,0.99740,0.00031,0.00052
3.81000,0.98000,0.00101,0.00045,0.99757,0.00053,0.00045
4.01000,0.98000,0.00200,0.00077,0.99602,0.00077,0.00044
4.21000,0.98000,0.91478,0.01160,0.06631,0.00523,0.00209
4.41000,0.98000,0.98038,0.01786,0.00092,0.00044,0.00040
4.61000,0.98000,0.97052,0.02362,0.00183,0.00255,0.00147
4.81000,0.98000,0.96890,0.02638,0.00105,0.00189,0.00179
5.01000,0.98000,0.94582,0.03528,0.00325,0.00959,0.00606
5.21000,0.98000,0.94423,0.03236,0.00416,0.01303,0.00621
5.41000,0.98000,0.72147,0.02474,0.01481,0.22478,0.01421
5.61000,0.98000,0.09881,0.00508,0.00786,0.87914,0.00911
5.81000,0.98000,0.01143,0.00066,0.00191,0.98411,0.00190
6.01000,0.98000,0.00363,0.00019,0.00048,0.99490,0.00081
6.21000,0.98000,0.00517,0.00028,0.00052,0.99209,0.00194
6.41000,0.98000,0.02845,0.00075,0.00193,0.96576,0.00312
6.61000,0.98000,0.82523,0.00390,0.00433,0.15445,0.01209
6.81000,0.98000,0.96069,0.00796,0.00107,0.02201,0.00828
7.01000,0.98000,0.98017,0.01323,0.00074,0.00325,0.00261
7.21000,0.98000,0.96492,0.02735,0.00154,0.00325,0.00293
7.41000,0.98000,0.94565,0.04207,0.00238,0.00560,0.00430
7.61000,0.98000,0.94485,0.04270,0.00241,0.00563,0.00440
7.81000,0.98000,0.88427,0.08909,0.00623,0.00547,0.01493
8.01000,0.98000,0.73639,0.09962,0.00699,0.01838,0.13862
8.21000,0.98000,0.06243,0.02475,0.00414,0.01065,0.89803
8.41000,0.98000,0.00333,0.00144,0.00089,0.00208,0.99226
8.61000,0.98000,0.00438,0.00123,0.00061,0.00186,0.99192
8.81000,0.98000,0.05096,0.00704,0.00278,0.00975,0.92948
9.01000,0.98000,0.98145,0.01295,0.00307,0.00182,0.00071
9.21000,0.98000,0.95496,0.00972,0.00248,0.02422,0.00862
9.41000,0.98000,0.94726,0.01094,0.00222,0.02919,0.01039
9.61000,0.98000,0.95468,0.01238,0.00260,0.02156,0.00879
9.81000,0.98000,0.95350,0.01261,0.00285,0.02230,0.00874
10.01000,0.98000,0.95345,0.01235,0.00283,0.02255,0.00882
10.21000,0.98000,0.90073,0.02766,0.00575,0.03085,0.03501
10.41000,0.98000,0.88597,0.04752,0.00420,0.01873,0.04357
10.61000,0.98000,0.16773,0.63054,0.01040,0.01152,0.17981
10.81000,0.98000,0.01011,0.97615,0.00321,0.00030,0.01022
11.01000,0.98000,0.01860,0.97050,0.00143,0.00052,0.00895
11.21000,0.98000,0.16400,0.82338,0.00537,0.00079,0.00646
11.41000,0.98000,0.97466,0.02259,0.00077,0.00078,0.00121
11.61000,0.98000,0.97880,0.01670,0.00093,0.00191,0.00167
11.81000,0.98000,0.94521,0.04418,0.00226,0.00444,0.00392
12.01000,0.98000,0.94408,0.04461,0.00233,0.00490,0.00408
12.21000,0.98000,0.94329,0.04515,0.00238,0.00503,0.00415
12.41000,0.98000,0.94354,0.04522,0.00235,0.00479,0.00411
12.61000,0.98000,0.94478,0.04408,0.00232,0.00478,0.00403
12.81000,0.98000,0.95570,0.02296,0.00754,0.01006,0.00374
13.01000,0.98000,0.47078,0.02927,0.44334,0.04371,0.01290
13.21000,0.98000,0.00952,0.00196,0.97777,0.00774,0.00300
13.41000,0.98000,0.00066,0.00031,0.99801,0.00059,0.00043
13.61000,0.98000,0.00125,0.00035,0.99765,0.00028,0.00047
13.81000,0.98000,0.00135,0.00057,0.99708,0.00044,0.00055
14.01000,0.98000,0.00118,0.00040,0.99763,0.00048,0.00031
14.21000,0.98000,0.93192,0.00864,0.05449,0.00336,0.00159
14.41000,0.98000,0.96711,0.02956,0.00237,0.00040,0.00057
14.61000,0.98000,0.92720,0.06809,0.00256,0.00109,0.00105
14.81000,0.98000,0.97018,0.02711,0.00068,0.00107,0.00096
15.01000,0.98000,0.94705,0.04062,0.00231,0.00572,0.00431
15.21000,0.98000,0.94600,0.04156,0.00237,0.00572,0.00436
15.41000,0.98000,0.94545,0.04204,0.00238,0.00571,0.00442
15.61000,0.98000,0.94754,0.02929,0.00369,0.01447,0.00502
15.81000,0.98000,0.38788,0.01643,0.01956,0.56453,0.01160
16.01000,0.98000,0.01782,0.00110,0.00367,0.97483,0.00257
16.21000,0.98000,0.00325,0.00019,0.00083,0.99483,0.00090
16.41000,0.98000,0.00627,0.00026,0.00054,0.99177,0.00116
16.61000,0.98000,0.00698,0.00036,0.00044,0.99051,0.00171
16.81000,0.98000,0.22174,0.00201,0.00406,0.76193,0.01026
17.01000,0.98000,0.97641,0.00632,0.00065,0.00894,0.00769
17.21000,0.98000,0.95509,0.01774,0.00120,0.01710,0.00887
17.41000,0.98000,0.97615,0.01876,0.00075,0.00228,0.00206
17.61000,0.98000,0.94696,0.04037,0.00241,0.00578,0.00448
17.81000,0.98000,0.94511,0.04237,0.00244,0.00568,0.00439
18.01000,0.98000,0.94571,0.04179,0.00242,0.00566,0.00441
18.21000,0.98000,0.88655,0.08668,0.00536,0.00597,0.01544
18.41000,0.98000,0.63629,0.11608,0.00985,0.01365,0.22414
18.61000,0.98000,0.02671,0.00703,0.00572,0.01097,0.94959
18.81000,0.98000,0.00223,0.00111,0.00116,0.00160,0.99391
19.01000,0.98000,0.01264,0.00170,0.00083,0.00329,0.98155
19.21000,0.98000,0.01446,0.00320,0.00437,0.00221,0.97576
19.41000,0.98000,0.99437,0.00348,0.00069,0.00079,0.00068
19.61000,0.98000,0.95976,0.01757,0.00284,0.01305,0.00679
19.81000,0.98000,0.95654,0.01783,0.00254,0.01595,0.00714
20.01000,0.98000,0.95711,0.01797,0.00252,0.01532,0.00710
