Time (seconds), Duration (seconds),pred_unlabelled,pred_click,pred_right,pred_left
0.01515,0.96970,0.99997,0.00000,0.00003,0.00000
0.10606,0.96970,0.99997,0.00000,0.00003,0.00000
0.19697,0.96970,0.99997,0.00001,0.00002,0.00000
0.28788,0.96970,0.92413,0.07417,0.00071,0.00099
0.37879,0.96970,0.42618,0.56996,0.00089,0.00298
0.46970,0.96970,0.51254,0.48392,0.00082,0.00272
0.56061,0.96970,0.02838,0.97127,0.00002,0.00033
0.65152,0.96970,0.01625,0.98334,0.00002,0.00039
0.74242,0.96970,0.00185,0.99813,0.00000,0.00002
0.83333,0.96970,0.00055,0.99944,0.00000,0.00001
0.92424,0.96970,0.00050,0.99950,0.00000,0.00000
1.01515,0.96970,0.00092,0.99907,0.00000,0.00000
1.10606,0.96970,0.00894,0.99102,0.00002,0.00002
1.19697,0.96970,0.01466,0.98513,0.00013,0.00007
1.28788,0.96970,0.08324,0.91649,0.00010,0.00017
1.37879,0.96970,0.99765,0.00224,0.00009,0.00002
1.46970,0.96970,0.99993,0.00004,0.00002,0.00001
1.56061,0.96970,0.99999,0.00000,0.00001,0.00000
1.65152,0.96970,0.99989,0.00000,0.00011,0.00000
1.74242,0.96970,0.99993,0.00000,0.00006,0.00000
1.83333,0.96970,0.99997,0.00000,0.00003,0.00000
1.92424,0.96970,0.99997,0.00000,0.00003,0.00000
2.01515,0.96970,0.99997,0.00000,0.00003,0.00000
2.10606,0.96970,0.99997,0.00000,0.00003,0.00000
2.19697,0.96970,0.99997,0.00000,0.00003,0.00000
2.28788,0.96970,0.99997,0.00000,0.00003,0.00000
2.37879,0.96970,0.99903,0.00000,0.00096,0.00001
2.46970,0.96970,0.84415,0.00006,0.15573,0.00006
2.56061,0.96970,0.33696,0.00010,0.66268,0.00026
2.65152,0.96970,0.93512,0.00006,0.06476,0.00006
2.74242,0.96970,0.54033,0.00014,0.45922,0.00031
2.83333,0.96970,0.00357,0.00002,0.99640,0.00002
2.92424,0.96970,0.00390,0.00001,0.99607,0.00002
3.01515,0.96970,0.00240,0.00001,0.99757,0.00002
3.10606,0.96970,0.00229,0.00000,0.99768,0.00002
3.19697,0.96970,0.00306,0.00001,0.99692,0.00002
3.28788,0.96970,0.02555,0.00004,0.97433,0.00008
3.37879,0.96970,0.73945,0.00007,0.26011,0.00037
3.46970,0.96970,0.99943,0.00000,0.00045,0.00012
3.56061,0.96970,0.99983,0.00000,0.00014,0.00003
3.65152,0.96970,0.99395,0.00000,0.00604,0.00000
3.74242,0.96970,0.99996,0.00000,0.00003,0.00000
3.83333,0.96970,0.99997,0.00000,0.00003,0.00000
3.92424,0.96970,0.99997,0.00000,0.00003,0.00000
4.01515,0.96970,0.99997,0.00000,0.00003,0.00000
4.10606,0.96970,0.99997,0.00000,0.00003,0.00000
4.19697,0.96970,0.99997,0.00000,0.00003,0.00000
4.28788,0.96970,0.99997,0.00000,0.00003,0.00000
4.37879,0.96970,0.99997,0.00000,0.00003,0.00000
4.46970,0.96970,0.99997,0.00000,0.00003,0.00000
4.56061,0.96970,0.99997,0.00000,0.00003,0.00000
4.65152,0.96970,0.99997,0.00000,0.00003,0.00000
4.74242,0.96970,0.99997,0.00000,0.00003,0.00000
4.83333,0.96970,0.99773,0.00011,0.00028,0.00188
4.92424,0.96970,0.19266,0.00270,0.00097,0.80367
5.01515,0.96970,0.03318,0.00008,0.00037,0.96638
5.10606,0.96970,0.01214,0.00013,0.00021,0.98752
5.19697,0.96970,0.00536,0.00003,0.00005,0.99456
5.28788,0.96970,0.00133,0.00001,0.00006,0.99860
5.37879,0.96970,0.00228,0.00002,0.00002,0.99768
5.46970,0.96970,0.00858,0.00002,0.00021,0.99120
5.56061,0.96970,0.05731,0.00001,0.00010,0.94258
5.65152,0.96970,0.99393,0.00000,0.00053,0.00554
5.74242,0.96970,0.97850,0.00000,0.00025,0.02125
5.83333,0.96970,0.99972,0.00000,0.00018,0.00010
5.92424,0.96970,0.99990,0.00000,0.00006,0.00003
6.01515,0.96970,0.99995,0.00000,0.00003,0.00001
6.10606,0.96970,0.99997,0.00000,0.00001,0.00001
6.19697,0.96970,0.99999,0.00000,0.00001,0.00000
6.28788,0.96970,0.99997,0.00000,0.00003,0.00000
6.37879,0.96970,0.99997,0.00000,0.00003,0.00000
6.46970,0.96970,0.99997,0.00000,0.00003,0.00000
6.56061,0.96970,0.99997,0.00000,0.00003,0.00000
6.65152,0.96970,0.99997,0.00000,0.00003,0.00000
6.74242,0.96970,0.99997,0.00000,0.00003,0.00000
6.83333,0.96970,0.99997,0.00000,0.00003,0.00000
6.92424,0.96970,0.91627,0.00002,0.08368,0.00003
7.01515,0.96970,0.84131,0.00007,0.15856,0.00006
7.10606,0.96970,0.39069,0.00010,0.60897,0.00023
7.19697,0.96970,0.89794,0.00008,0.10189,0.00009
7.28788,0.96970,0.00683,0.00004,0.99309,0.00004
7.37879,0.96970,0.00138,0.00003,0.99858,0.00002
7.46970,0.96970,0.00269,0.00001,0.99725,0.00004
7.56061,0.96970,0.00081,0.00001,0.99916,0.00002
7.65152,0.96970,0.00218,0.00001,0.99779,0.00002
7.74242,0.96970,0.00355,0.00003,0.99638,0.00005
7.83333,0.96970,0.03293,0.00004,0.96694,0.00009
7.92424,0.96970,0.51312,0.00009,0.48645,0.00034
8.01515,0.96970,0.99865,0.00000,0.00122,0.00013
8.10606,0.96970,0.99988,0.00000,0.00011,0.00001
8.19697,0.96970,0.99968,0.00000,0.00032,0.00000
8.28788,0.96970,0.99995,0.00000,0.00005,0.00000
8.37879,0.96970,0.99997,0.00000,0.00003,0.00000
8.46970,0.96970,0.99997,0.00000,0.00003,0.00000
8.56061,0.96970,0.99997,0.00000,0.00003,0.00000
8.65152,0.96970,0.99997,0.00000,0.00003,0.00000
8.74242,0.96970,0.99997,0.00000,0.00003,0.00000
8.83333,0.96970,0.99997,0.00000,0.00003,0.00000
8.92424,0.96970,0.99997,0.00000,0.00003,0.00000
9.01515,0.96970,0.99997,0.00000,0.00003,0.00000
9.10606,0.96970,0.99997,0.00000,0.00003,0.00000
9.19697,0.96970,0.99997,0.00000,0.00003,0.00000
9.28788,0.96970,0.99997,0.00000,0.00003,0.00000
9.37879,0.96970,0.99997,0.00000,0.00003,0.00000
9.46970,0.96970,0.99995,0.00001,0.00003,0.00001
9.56061,0.96970,0.94613,0.02005,0.00314,0.03068
9.65152,0.96970,0.06491,0.00010,0.00057,0.93442
9.74242,0.96970,0.01816,0.00015,0.00032,0.98136
9.83333,0.96970,0.00129,0.00009,0.00001,0.99861
9.92424,0.96970,0.00028,0.00000,0.00001,0.99971
10.01515,0.96970,0.00167,0.00001,0.00004,0.99828
10.10606,0.96970,0.00013,0.00000,0.00000,0.99986
10.19697,0.96970,0.00083,0.00000,0.00002,0.99916
10.28788,0.96970,0.60265,0.00007,0.00150,0.39577
10.37879,0.96970,0.99625,0.00001,0.00344,0.00030
10.46970,0.96970,0.99815,0.00001,0.00145,0.00039
10.56061,0.96970,0.99988,0.00000,0.00009,0.00003
10.65152,0.96970,0.99988,0.00000,0.00008,0.00004
10.74242,0.96970,0.99993,0.00000,0.00005,0.00002
10.83333,0.96970,0.99999,0.00000,0.00001,0.00000
10.92424,0.96970,0.99997,0.00000,0.00003,0.00000
11.01515,0.96970,0.99997,0.00000,0.00003,0.00000
11.10606,0.96970,0.99997,0.00000,0.00003,0.00000
11.19697,0.96970,0.99997,0.00000,0.00003,0.00000
11.28788,0.96970,0.99997,0.00000,0.00003,0.00000
11.37879,0.96970,0.99897,0.00072,0.00028,0.00003
11.46970,0.96970,0.99011,0.00950,0.00016,0.00023
11.56061,0.96970,0.99542,0.00424,0.00009,0.00025
11.65152,0.96970,0.79351,0.20628,0.00004,0.00018
11.74242,0.96970,0.60407,0.39521,0.00009,0.00063
11.83333,0.96970,0.15972,0.83987,0.00002,0.00039
11.92424,0.96970,0.47209,0.52757,0.00000,0.00033
12.01515,0.96970,0.26351,0.73640,0.00000,0.00009
12.10606,0.96970,0.01249,0.98747,0.00000,0.00004
12.19697,0.96970,0.00130,0.99870,0.00000,0.00000
12.28788,0.96970,0.00495,0.99504,0.00000,0.00002
12.37879,0.96970,0.00544,0.99455,0.00000,0.00001
12.46970,0.96970,0.00924,0.99075,0.00000,0.00001
12.56061,0.96970,0.00653,0.99345,0.00001,0.00002
12.65152,0.96970,0.85535,0.14454,0.00002,0.00009
12.74242,0.96970,0.88783,0.11191,0.00011,0.00015
12.83333,0.96970,0.99598,0.00400,0.00001,0.00002
12.92424,0.96970,0.99982,0.00015,0.00001,0.00002
13.01515,0.96970,0.99996,0.00002,0.00001,0.00001
13.10606,0.96970,0.99995,0.00002,0.00002,0.00001
13.19697,0.96970,0.99999,0.00000,0.00001,0.00000
13.28788,0.96970,0.99997,0.00000,0.00003,0.00000
13.37879,0.96970,0.99997,0.00000,0.00003,0.00000
13.46970,0.96970,0.99997,0.00000,0.00003,0.00000
13.56061,0.96970,0.99997,0.00000,0.00003,0.00000
13.65152,0.96970,0.99997,0.00000,0.00003,0.00000
13.74242,0.96970,0.99997,0.00000,0.00003,0.00000
