# Time (seconds),f0,f1,f2
0.0151515,0,0.5,0.5
0.0454545303030303,0,0.5,0.5
0.0757575606060606,0,0.5,0.5
0.10606059090909091,0,0.5,0.5
0.13636362121212123,0,0.5,0.5
0.16666665151515153,0,0.5,0.5
0.19696968181818184,0,0.5,0.5
0.22727271212121214,0,0.5,0.5
0.2575757424242424,0,0.5,0.5
0.2878787727272727,0,0.5,0.5
0.318181803030303,0,0.5,0.5
0.34848483333333335,0,0.5,0.5
0.37878786363636363,0,0.5,0.5
0.4090908939393939,0,0.5,0.5
0.43939392424242424,0,0.5,0.5
0.46969695454545457,0,0.5,0.5
0.49999998484848485,0,0.5,0.5
0.5303030151515151,0,0.5,0.5
0.5606060454545454,0,0.5,0.5
0.5909090757575758,0,0.5,0.5
0.6212121060606061,0,0.5,0.5
0.6515151363636363,0,0.5,0.5
0.6818181666666667,0,0.5,0.5
0.712121196969697,0,0.5,0.5
0.7424242272727273,0,0.5,0.5
0.7727272575757576,0,0.5,0.5
0.8030302878787878,0,0.5,0.5
0.8333333181818182,0,0.5,0.5
0.8636363484848485,0,0.5,0.5
0.8939393787878788,0,0.5,0.5
0.9242424090909092,0,0.5,0.5
0.9545454393939394,0,0.5,0.5
0.9848484696969697,0,0.5,0.5
1.0151515,0,0.5,0.5
1.0454545303030303,0,0.5,0.5
1.0757575606060605,0,0.5,0.5
1.1060605909090908,0,0.5,0.5
1.1363636212121213,0,0.5,0.5
1.1666666515151516,0,0.5,0.5
1.1969696818181819,0,0.5,0.5
1.2272727121212121,0,0.5,0.5
1.2575757424242424,0,0.5,0.5
1.2878787727272727,0,0.5,0.5
1.318181803030303,0,0.5,0.5
1.3484848333333335,0,0.5,0.5
1.3787878636363637,0,0.5,0.5
1.409090893939394,0,0.5,0.5
1.4393939242424243,0,0.5,0.5
1.4696969545454546,0.21875,0.3515736758708954,0.6116474866867065
1.4999999848484848,0,0.5,0.5
1.5303030151515151,0.21875,0.3698514997959137,0.31463783979415894
1.5606060454545454,0.15625,0.23512625694274902,0.5486546158790588
1.5909090757575757,0.125,0.24856972694396973,0.5492287874221802
1.6212121060606062,0.09375,0.3107612431049347,0.5154221653938293
1.6515151363636364,0.09375,0.11302033811807632,0.3751320242881775
1.6818181666666667,0.0625,0.33001643419265747,0.48509708046913147
1.712121196969697,0.03125,0.3347322642803192,0.3808872699737549
1.7424242272727273,0.0625,0.11485910415649414,0.38946694135665894
1.7727272575757576,0,-1.3913767915596509E-08,-1.3913767915596509E-08
1.8030302878787878,0.03125,0.395548552274704,0.42539164423942566
1.8333333181818183,0.0625,0.25612497329711914,0.4323021471500397
1.8636363484848486,0.09375,0.3520042300224304,0.43415674567222595
1.8939393787878789,0.09375,0.42728716135025024,0.563627302646637
1.9242424090909092,0.15625,0.4354652762413025,0.39881056547164917
1.9545454393939394,0.125,0.4324083924293518,0.5017234086990356
1.9848484696969697,0.15625,0.3978787958621979,0.6109188199043274
2.0151515,0.15625,0.36478039622306824,0.5904451608657837
2.0454545303030303,0.1875,0.3723111152648926,0.6145766377449036
2.0757575606060605,0,0.5,0.5
2.106060590909091,0,0.5,0.5
2.136363621212121,0,0.5,0.5
2.1666666515151514,0,0.5,0.5
2.1969696818181816,0,0.5,0.5
2.2272727121212124,0,0.5,0.5
2.2575757424242426,0,0.5,0.5
2.287878772727273,0,0.5,0.5
2.318181803030303,0,0.5,0.5
2.3484848333333335,0,0.5,0.5
2.3787878636363637,0,0.5,0.5
2.409090893939394,0,0.5,0.5
2.4393939242424243,0,0.5,0.5
2.4696969545454546,0,0.5,0.5
2.499999984848485,0,0.5,0.5
2.530303015151515,0,0.5,0.5
2.5606060454545454,0,0.5,0.5
2.5909090757575757,0,0.5,0.5
2.621212106060606,0,0.5,0.5
2.6515151363636362,0,0.5,0.5
2.681818166666667,0,0.5,0.5
2.7121211969696972,0,0.5,0.5
2.7424242272727275,0,0.5,0.5
2.7727272575757578,0,0.5,0.5
2.803030287878788,0,0.5,0.5
2.8333333181818183,0,0.5,0.5
2.8636363484848486,0,0.5,0.5
2.893939378787879,0,0.5,0.5
2.924242409090909,0,0.5,0.5
2.9545454393939394,0,0.5,0.5
2.9848484696969697,0,0.5,0.5
3.0151515,0,0.5,0.5
3.0454545303030303,0,0.5,0.5
3.0757575606060605,0,0.5,0.5
3.106060590909091,0,0.5,0.5
3.136363621212121,0,0.5,0.5
3.1666666515151514,0,0.5,0.5
3.196969681818182,0,0.5,0.5
3.2272727121212124,0,0.5,0.5
3.2575757424242426,0,0.5,0.5
3.287878772727273,0,0.5,0.5
3.318181803030303,0,0.5,0.5
3.3484848333333335,0,0.5,0.5
3.3787878636363637,0,0.5,0.5
3.409090893939394,0,0.5,0.5
3.4393939242424243,0,0.5,0.5
3.4696969545454546,0,0.5,0.5
3.499999984848485,0,0.5,0.5
3.530303015151515,0,0.5,0.5
3.5606060454545454,0,0.5,0.5
3.5909090757575757,0,0.5,0.5
3.621212106060606,0,0.5,0.5
3.6515151363636367,0,0.5,0.5
3.681818166666667,0,0.5,0.5
3.7121211969696972,0,0.5,0.5
3.7424242272727275,0,0.5,0.5
3.7727272575757578,0,0.5,0.5
3.803030287878788,0,0.5,0.5
3.8333333181818183,0,0.5,0.5
3.8636363484848486,0,0.5,0.5
3.893939378787879,0,0.5,0.5
3.924242409090909,0,0.5,0.5
3.9545454393939394,0.25,0.3487337529659271,0.5702863335609436
3.9848484696969697,0,0.5,0.5
4.0151515,0.21875,0.33917033672332764,0.5582258701324463
4.04545453030303,0.21875,0.3707335293292999,0.3605513274669647
4.0757575606060605,0.15625,0.28547438979148865,0.5726529955863953
4.106060590909091,0.125,0.18322448432445526,0.537016749382019
4.136363621212121,0.09375,0.24901512265205383,0.4620162546634674
4.166666651515151,0.09375,0.8647355437278748,0.5055139064788818
4.196969681818182,0.09375,0.7357663512229919,0.3446691930294037
4.227272712121212,0.0625,0.5408097505569458,0.30550962686538696
4.257575742424242,0.0625,0.3380835950374603,0.873664140701294
4.2878787727272725,0.0625,0.28973034024238586,0.33500680327415466
4.318181803030303,0.0625,0.3971264958381653,0.31568077206611633
4.348484833333333,0.0625,0.46690529584884644,0.47524094581604004
4.378787863636363,0.0625,0.38611409068107605,0.4470062255859375
4.4090908939393945,0.09375,0.4356311559677124,0.4184500277042389
4.439393924242425,0.09375,0.3281766474246979,0.5878241062164307
4.469696954545455,0.125,0.3345690667629242,0.6342249512672424
4.499999984848485,0.125,0.35045671463012695,0.5647475123405457
4.530303015151516,0.15625,0.3439386487007141,0.519686758518219
4.560606045454546,0.15625,0.3483293652534485,0.6253159046173096
4.590909075757576,0.15625,0.34437572956085205,0.6026180386543274
4.621212106060606,0,0.5,0.5
4.651515136363637,0,0.5,0.5
4.681818166666667,0,0.5,0.5
4.712121196969697,0,0.5,0.5
4.7424242272727275,0,0.5,0.5
4.772727257575758,0,0.5,0.5
4.803030287878788,0,0.5,0.5
4.833333318181818,0,0.5,0.5
4.863636348484849,0,0.5,0.5
4.893939378787879,0,0.5,0.5
4.924242409090909,0,0.5,0.5
4.954545439393939,0,0.5,0.5
4.98484846969697,0,0.5,0.5
5.0151515,0,0.5,0.5
5.04545453030303,0,0.5,0.5
5.0757575606060605,0,0.5,0.5
5.106060590909091,0,0.5,0.5
5.136363621212121,0,0.5,0.5
5.166666651515151,0,0.5,0.5
5.196969681818182,0,0.5,0.5
5.227272712121212,0,0.5,0.5
5.257575742424242,0,0.5,0.5
5.2878787727272725,0,0.5,0.5
5.318181803030303,0,0.5,0.5
5.348484833333334,0,0.5,0.5
5.378787863636364,0,0.5,0.5
5.4090908939393945,0,0.5,0.5
5.439393924242425,0,0.5,0.5
5.469696954545455,0,0.5,0.5
5.499999984848485,0,0.5,0.5
5.530303015151516,0,0.5,0.5
5.560606045454546,0,0.5,0.5
5.590909075757576,0,0.5,0.5
5.621212106060606,0,0.5,0.5
5.651515136363637,0,0.5,0.5
5.681818166666667,0,0.5,0.5
5.712121196969697,0,0.5,0.5
5.7424242272727275,0,0.5,0.5
5.772727257575758,0,0.5,0.5
5.803030287878788,0,0.5,0.5
5.833333318181818,0,0.5,0.5
5.863636348484849,0,0.5,0.5
5.893939378787879,0,0.5,0.5
5.924242409090909,0,0.5,0.5
5.954545439393939,0,0.5,0.5
5.98484846969697,0,0.5,0.5
6.0151515,0,0.5,0.5
6.04545453030303,0,0.5,0.5
6.0757575606060605,0,0.5,0.5
6.106060590909091,0,0.5,0.5
6.136363621212121,0,0.5,0.5
6.166666651515151,0,0.5,0.5
6.196969681818182,0,0.5,0.5
6.227272712121212,0,0.5,0.5
6.257575742424242,0,0.5,0.5
6.2878787727272725,0,0.5,0.5
6.318181803030303,0,0.5,0.5
6.348484833333334,0,0.5,0.5
6.378787863636364,0,0.5,0.5
6.4090908939393945,0,0.5,0.5
6.439393924242425,0,0.5,0.5
6.469696954545455,0,0.5,0.5
6.499999984848485,0,0.5,0.5
6.530303015151516,0,0.5,0.5
6.560606045454546,0,0.5,0.5
6.590909075757576,0,0.5,0.5
6.621212106060606,0,0.5,0.5
6.651515136363637,0,0.5,0.5
6.681818166666667,0,0.5,0.5
6.712121196969697,0,0.5,0.5
6.7424242272727275,0,0.5,0.5
6.772727257575758,0,0.5,0.5
6.803030287878788,0,0.5,0.5
6.833333318181818,0,0.5,0.5
6.863636348484849,0.125,0.7677553296089172,0.36109238862991333
6.893939378787879,0.09375,0.5713210105895996,0.37136924266815186
6.924242409090909,0.09375,0.6494802832603455,0.4491639733314514
6.954545439393939,0.09375,0.47448259592056274,0.3541404902935028
6.98484846969697,0.0625,0.5405980944633484,0.3011636435985565
7.0151515,0.0625,0.5891323685646057,0.38681918382644653
7.04545453030303,0.09375,0.4823637902736664,0.21548162400722504
7.0757575606060605,0.09375,0.26072561740875244,0.37141481041908264
7.106060590909091,0.0625,0.31787553429603577,0.31471964716911316
7.136363621212121,0.125,0.10312836617231369,0.4281400442123413
7.166666651515151,0,0.5,0.5
7.196969681818182,0.125,0.14420710504055023,0.4183463156223297
7.227272712121212,0.125,0.09486304223537445,0.31970134377479553
7.257575742424242,0,0.5,0.5
7.287878772727273,0,0.5,0.5
7.318181803030304,0,0.5,0.5
7.348484833333334,0,0.5,0.5
7.378787863636364,0,0.5,0.5
7.4090908939393945,0,0.5,0.5
7.439393924242425,0.25,0.14236879348754883,0.6390109062194824
7.469696954545455,0.25,0.14854858815670013,0.6375210285186768
7.499999984848485,0.25,0.16360408067703247,0.6293967366218567
7.530303015151516,0,0.5,0.5
7.560606045454546,0,0.5,0.5
7.590909075757576,0,0.5,0.5
7.621212106060606,0,0.5,0.5
7.651515136363637,0,0.5,0.5
7.681818166666667,0,0.5,0.5
7.712121196969697,0,0.5,0.5
7.7424242272727275,0,0.5,0.5
7.772727257575758,0,0.5,0.5
7.803030287878788,0,0.5,0.5
7.833333318181818,0,0.5,0.5
7.863636348484849,0,0.5,0.5
7.893939378787879,0,0.5,0.5
7.924242409090909,0,0.5,0.5
7.954545439393939,0,0.5,0.5
7.98484846969697,0,0.5,0.5
8.0151515,0,0.5,0.5
8.045454530303031,0,0.5,0.5
8.07575756060606,0,0.5,0.5
8.106060590909092,0,0.5,0.5
8.136363621212121,0,0.5,0.5
8.166666651515152,0,0.5,0.5
8.196969681818182,0,0.5,0.5
8.227272712121213,0,0.5,0.5
8.257575742424242,0,0.5,0.5
8.287878772727273,0,0.5,0.5
8.318181803030303,0,0.5,0.5
8.348484833333334,0,0.5,0.5
8.378787863636363,0,0.5,0.5
8.409090893939394,0,0.5,0.5
8.439393924242424,0,0.5,0.5
8.469696954545455,0,0.5,0.5
8.499999984848484,0,0.5,0.5
8.530303015151516,0,0.5,0.5
8.560606045454545,0,0.5,0.5
8.590909075757576,0,0.5,0.5
8.621212106060606,0,0.5,0.5
8.651515136363637,0,0.5,0.5
8.681818166666666,0,0.5,0.5
8.712121196969697,0,0.5,0.5
8.742424227272727,0,0.5,0.5
8.772727257575758,0,0.5,0.5
8.803030287878789,0,0.5,0.5
8.833333318181818,0,0.5,0.5
8.86363634848485,0,0.5,0.5
8.893939378787879,0,0.5,0.5
8.92424240909091,0,0.5,0.5
8.95454543939394,0,0.5,0.5
8.98484846969697,0,0.5,0.5
9.0151515,0,0.5,0.5
9.045454530303031,0.375,0.40449243783950806,0.6673682928085327
9.07575756060606,0,0.5,0.5
9.106060590909092,0,0.5,0.5
9.136363621212121,0,0.5,0.5
9.166666651515152,0,0.5,0.5
9.196969681818182,0,0.5,0.5
9.227272712121213,0,0.5,0.5
9.257575742424242,0,0.5,0.5
9.287878772727273,0,0.5,0.5
9.318181803030303,0,0.5,0.5
9.348484833333334,0,0.5,0.5
9.378787863636363,0,0.5,0.5
9.409090893939394,0,0.5,0.5
9.439393924242424,0,0.5,0.5
9.469696954545455,0,0.5,0.5
9.499999984848484,0,0.5,0.5
9.530303015151516,0,0.5,0.5
9.560606045454545,0.15625,0.8085203170776367,0.5026339888572693
9.590909075757576,0.15625,0.7848162055015564,0.515609860420227
9.621212106060606,0.125,0.8308729529380798,0.4722663462162018
9.651515136363637,0,0.5,0.5
9.681818166666666,0.125,0.7943052053451538,0.3535782992839813
9.712121196969697,0.09375,0.7560436129570007,0.43236806988716125
9.742424227272728,0.09375,0.5533767938613892,0.3927995562553406
9.772727257575758,0.09375,0.43371841311454773,0.3854396939277649
9.803030287878789,0.09375,0.6092343330383301,0.39628657698631287
9.833333318181818,0.09375,0.4483908712863922,0.41354429721832275
9.86363634848485,0.0625,0.5506755709648132,0.1875755339860916
9.893939378787879,0.0625,0.32242727279663086,0.4775746166706085
9.92424240909091,0.09375,0.13714119791984558,0.2872980535030365
9.95454543939394,0.125,0.15490496158599854,0.2949409782886505
9.98484846969697,0.125,0.04777305945754051,0.9313417673110962
10.0151515,0.09375,0.06732071936130524,0.17491182684898376
10.045454530303031,0,0.5,0.5
10.07575756060606,0,0.5,0.5
10.106060590909092,0.15625,0.06674151867628098,0.3732563853263855
10.136363621212121,0,0.5,0.5
10.166666651515152,0,0.5,0.5
10.196969681818182,0,0.5,0.5
10.227272712121213,0,0.5,0.5
10.257575742424242,0,0.5,0.5
10.287878772727273,0,0.5,0.5
10.318181803030303,0.25,0.07497349381446838,0.5927895307540894
10.348484833333334,0.25,0.19795644283294678,0.6427246332168579
10.378787863636363,0.28125,0.20401345193386078,0.6405883431434631
10.409090893939394,0,0.5,0.5
10.439393924242424,0,0.5,0.5
10.469696954545455,0,0.5,0.5
10.499999984848484,0,0.5,0.5
10.530303015151516,0,0.5,0.5
10.560606045454545,0,0.5,0.5
10.590909075757576,0,0.5,0.5
10.621212106060606,0,0.5,0.5
10.651515136363637,0,0.5,0.5
10.681818166666668,0,0.5,0.5
10.712121196969697,0,0.5,0.5
10.742424227272728,0,0.5,0.5
10.772727257575758,0,0.5,0.5
10.803030287878789,0,0.5,0.5
10.833333318181818,0,0.5,0.5
10.86363634848485,0,0.5,0.5
10.893939378787879,0,0.5,0.5
10.92424240909091,0,0.5,0.5
10.95454543939394,0,0.5,0.5
10.98484846969697,0,0.5,0.5
11.0151515,0,0.5,0.5
11.045454530303031,0,0.5,0.5
11.07575756060606,0,0.5,0.5
11.106060590909092,0,0.5,0.5
11.136363621212121,0,0.5,0.5
11.166666651515152,0,0.5,0.5
11.196969681818182,0,0.5,0.5
11.227272712121213,0,0.5,0.5
11.257575742424242,0,0.5,0.5
11.287878772727273,0,0.5,0.5
11.318181803030303,0,0.5,0.5
11.348484833333334,0,0.5,0.5
11.378787863636363,0,0.5,0.5
11.409090893939394,0,0.5,0.5
11.439393924242424,0,0.5,0.5
11.469696954545455,0,0.5,0.5
11.499999984848484,0,0.5,0.5
11.530303015151516,0,0.5,0.5
11.560606045454545,0,0.5,0.5
11.590909075757576,0,0.5,0.5
11.621212106060606,0,0.5,0.5
11.651515136363637,0,0.5,0.5
11.681818166666668,0,0.5,0.5
11.712121196969697,0,0.5,0.5
11.742424227272728,0,0.5,0.5
11.772727257575758,0,0.5,0.5
11.803030287878789,0,0.5,0.5
11.833333318181818,0,0.5,0.5
11.86363634848485,0,0.5,0.5
11.893939378787879,0,0.5,0.5
11.92424240909091,0,0.5,0.5
11.95454543939394,0,0.5,0.5
11.98484846969697,0,0.5,0.5
12.0151515,0,0.5,0.5
12.045454530303031,0,0.5,0.5
12.07575756060606,0,0.5,0.5
12.106060590909092,0,0.5,0.5
12.136363621212121,0,0.5,0.5
12.166666651515152,0,0.5,0.5
12.196969681818182,0,0.5,0.5
12.227272712121213,0,0.5,0.5
12.257575742424242,0,0.5,0.5
12.287878772727273,0,0.5,0.5
12.318181803030303,0,0.5,0.5
12.348484833333334,0,0.5,0.5
12.378787863636363,0,0.5,0.5
12.409090893939394,0,0.5,0.5
12.439393924242424,0,0.5,0.5
12.469696954545455,0,0.5,0.5
12.499999984848484,0,0.5,0.5
12.530303015151516,0,0.5,0.5
12.560606045454545,0,0.5,0.5
12.590909075757576,0,0.5,0.5
12.621212106060606,0,0.5,0.5
12.651515136363637,0,0.5,0.5
12.681818166666668,0,0.5,0.5
12.712121196969697,0.125,0.22326213121414185,0.3938828408718109
12.742424227272728,0,0.5,0.5
12.772727257575758,0.09375,0.2982187569141388,0.39188408851623535
12.803030287878789,0.09375,0.3216588795185089,0.6252156496047974
12.833333318181818,0.09375,0.31173449754714966,0.8253245949745178
12.86363634848485,0.09375,0.7389451265335083,0.12219051271677017
12.893939378787879,0.09375,0.30004608631134033,0.4202022850513458
12.92424240909091,0.09375,0.5994364619255066,0.3594221770763397
12.95454543939394,0.09375,0.7205498814582825,0.43266430497169495
12.98484846969697,0.09375,0.6496507525444031,0.5322076678276062
13.0151515,0.125,0.7228398323059082,0.36663883924484253
13.045454530303031,0,0.5,0.5
13.07575756060606,0,0.5,0.5
13.106060590909092,0,0.5,0.5
13.136363621212121,0,0.5,0.5
13.166666651515152,0,0.5,0.5
13.196969681818182,0,0.5,0.5
13.227272712121213,0,0.5,0.5
13.257575742424242,0,0.5,0.5
13.287878772727273,0,0.5,0.5
13.318181803030303,0,0.5,0.5
13.348484833333334,0,0.5,0.5
13.378787863636363,0,0.5,0.5
13.409090893939394,0,0.5,0.5
13.439393924242424,0,0.5,0.5
13.469696954545455,0,0.5,0.5
13.499999984848484,0,0.5,0.5
13.530303015151516,0,0.5,0.5
13.560606045454545,0,0.5,0.5
13.590909075757576,0,0.5,0.5
13.621212106060607,0,0.5,0.5
13.651515136363637,0,0.5,0.5
13.681818166666668,0,0.5,0.5
13.712121196969697,0,0.5,0.5
13.742424227272728,0,0.5,0.5
13.772727257575758,0,0.5,0.5
13.803030287878789,0,0.5,0.5
13.833333318181818,0,0.5,0.5
13.86363634848485,0,0.5,0.5
13.893939378787879,0,0.5,0.5
13.92424240909091,0,0.5,0.5
13.95454543939394,0,0.5,0.5
13.98484846969697,0,0.5,0.5
14.0151515,0,0.5,0.5
14.045454530303031,0,0.5,0.5
14.07575756060606,0,0.5,0.5
14.106060590909092,0,0.5,0.5
14.136363621212121,0,0.5,0.5
14.166666651515152,0,0.5,0.5
14.196969681818182,0,0.5,0.5
14.227272712121213,0,0.5,0.5
14.257575742424242,0,0.5,0.5
14.287878772727273,0,0.5,0.5
14.318181803030303,0,0.5,0.5
14.348484833333334,0,0.5,0.5
14.378787863636363,0,0.5,0.5
14.409090893939394,0,0.5,0.5
14.439393924242424,0,0.5,0.5
14.469696954545455,0,0.5,0.5
14.499999984848484,0,0.5,0.5
14.530303015151516,0,0.5,0.5
14.560606045454547,0,0.5,0.5
14.590909075757576,0,0.5,0.5
14.621212106060607,0,0.5,0.5
14.651515136363637,0,0.5,0.5
14.681818166666668,0,0.5,0.5
14.712121196969697,0,0.5,0.5
14.742424227272728,0,0.5,0.5
14.772727257575758,0,0.5,0.5
14.803030287878789,0,0.5,0.5
14.833333318181818,0,0.5,0.5
14.86363634848485,0,0.5,0.5
14.893939378787879,0,0.5,0.5
14.92424240909091,0,0.5,0.5
14.95454543939394,0,0.5,0.5
14.98484846969697,0,0.5,0.5
15.0151515,0,0.5,0.5
15.045454530303031,0,0.5,0.5
15.07575756060606,0,0.5,0.5
15.106060590909092,0,0.5,0.5
15.136363621212121,0,0.5,0.5
15.166666651515152,0,0.5,0.5
15.196969681818182,0,0.5,0.5
15.227272712121213,0,0.5,0.5
15.257575742424242,0,0.5,0.5
15.287878772727273,0,0.5,0.5
15.318181803030303,0,0.5,0.5
15.348484833333334,0,0.5,0.5
15.378787863636363,0,0.5,0.5
15.409090893939394,0,0.5,0.5
15.439393924242424,0.125,0.15925566852092743,0.23136866092681885
15.469696954545455,0.09375,0.17779144644737244,0.4575677514076233
15.499999984848484,0.09375,0.18357685208320618,0.3663622736930847
15.530303015151516,0.09375,0.31295353174209595,0.16196566820144653
15.560606045454547,0.09375,0.23149684071540833,0.3447835147380829
15.590909075757576,0.09375,0.259640634059906,0.8224719762802124
15.621212106060607,0.09375,0.48673295974731445,0.4421822428703308
15.651515136363637,0.09375,0.5486363172531128,0.32503363490104675
15.681818166666668,0.09375,0.6230974197387695,0.20133176445960999
15.712121196969697,0.09375,0.6375018954277039,0.28101807832717896
15.742424227272728,0.09375,0.7531929016113281,0.3555055856704712
15.772727257575758,0.09375,0.8821922540664673,0.34550389647483826
15.803030287878789,0,0.5,0.5
15.833333318181818,0,0.5,0.5
15.86363634848485,0,0.5,0.5
15.893939378787879,0,0.5,0.5
15.92424240909091,0,0.5,0.5
15.95454543939394,0,0.5,0.5
15.98484846969697,0,0.5,0.5
16.0151515,0,0.5,0.5
16.045454530303033,0,0.5,0.5
16.075757560606064,0,0.5,0.5
16.10606059090909,0,0.5,0.5
16.136363621212123,0,0.5,0.5
16.166666651515154,0,0.5,0.5
16.196969681818185,0,0.5,0.5
16.227272712121213,0,0.5,0.5
16.257575742424244,0,0.5,0.5
16.287878772727275,0,0.5,0.5
16.318181803030306,0,0.5,0.5
16.348484833333334,0,0.5,0.5
16.378787863636365,0,0.5,0.5
16.409090893939396,0,0.5,0.5
16.439393924242427,0,0.5,0.5
16.469696954545455,0,0.5,0.5
16.499999984848486,0,0.5,0.5
16.530303015151517,0,0.5,0.5
16.56060604545455,0,0.5,0.5
16.59090907575758,0,0.5,0.5
16.621212106060607,0,0.5,0.5
16.65151513636364,0,0.5,0.5
16.68181816666667,0,0.5,0.5
16.7121211969697,0,0.5,0.5
16.74242422727273,0,0.5,0.5
16.77272725757576,0,0.5,0.5
16.80303028787879,0,0.5,0.5
16.833333318181822,0,0.5,0.5
16.86363634848485,0,0.5,0.5
16.89393937878788,0,0.5,0.5
16.924242409090912,0,0.5,0.5
16.954545439393943,0,0.5,0.5
16.98484846969697,0,0.5,0.5
17.0151515,0,0.5,0.5
17.045454530303033,0,0.5,0.5
17.075757560606064,0,0.5,0.5
17.10606059090909,0,0.5,0.5
17.136363621212123,0,0.5,0.5
17.166666651515154,0,0.5,0.5
17.196969681818185,0,0.5,0.5
17.227272712121213,0,0.5,0.5
17.257575742424244,0,0.5,0.5
17.287878772727275,0,0.5,0.5
17.318181803030306,0,0.5,0.5
17.348484833333334,0,0.5,0.5
17.378787863636365,0,0.5,0.5
17.409090893939396,0,0.5,0.5
17.439393924242427,0,0.5,0.5
17.469696954545455,0,0.5,0.5
17.499999984848486,0,0.5,0.5
17.530303015151517,0,0.5,0.5
17.56060604545455,0,0.5,0.5
17.59090907575758,0,0.5,0.5
17.621212106060607,0.25,0.45693084597587585,0.5754523873329163
17.65151513636364,0.25,0.4034286141395569,0.5874845385551453
17.68181816666667,0.25,0.4144146740436554,0.6023477911949158
17.7121211969697,0.21875,0.41288578510284424,0.615744948387146
17.74242422727273,0.28125,0.4878808259963989,0.44257909059524536
17.77272725757576,0.21875,0.3924510180950165,0.5063927173614502
17.80303028787879,0.21875,0.3121679723262787,0.32903385162353516
17.833333318181822,0.1875,0.4652819335460663,0.49131375551223755
17.86363634848485,0.15625,0.4082878828048706,0.4181550145149231
17.89393937878788,0.125,0.4707193076610565,0.274127721786499
17.924242409090912,0.09375,0.3694305419921875,0.11919699609279633
17.954545439393943,0.0625,0.3595491647720337,0.3022749125957489
17.98484846969697,0.0625,0.5408661365509033,0.61038738489151
18.0151515,0.0625,0.5063497424125671,0.13612201809883118
18.045454530303033,0.0625,0.41314876079559326,0.597126305103302
18.075757560606064,0.0625,0.48844507336616516,0.3600812256336212
18.10606059090909,0.0625,0.4692048132419586,0.3942888379096985
18.136363621212123,0.09375,0.4469832181930542,0.9410079121589661
18.166666651515154,0.125,0.36106038093566895,0.530928909778595
18.196969681818185,0.15625,0.2903074324131012,0.4828578233718872
18.227272712121213,0.15625,0.3308872580528259,0.5967095494270325
18.257575742424244,0.15625,0.40215107798576355,0.644203245639801
18.287878772727275,0.1875,0.335976779460907,0.5975905060768127
18.318181803030306,0,0.5,0.5
18.348484833333334,0,0.5,0.5
18.378787863636365,0,0.5,0.5
18.409090893939396,0,0.5,0.5
18.439393924242427,0,0.5,0.5
18.46969695454546,0,0.5,0.5
18.499999984848486,0,0.5,0.5
18.530303015151517,0,0.5,0.5
18.56060604545455,0,0.5,0.5
18.59090907575758,0,0.5,0.5
18.621212106060607,0,0.5,0.5
18.65151513636364,0,0.5,0.5
18.68181816666667,0,0.5,0.5
18.7121211969697,0,0.5,0.5
18.74242422727273,0,0.5,0.5
18.77272725757576,0,0.5,0.5
18.80303028787879,0,0.5,0.5
18.833333318181822,0,0.5,0.5
18.86363634848485,0,0.5,0.5
18.89393937878788,0,0.5,0.5
18.924242409090912,0,0.5,0.5
18.954545439393943,0,0.5,0.5
18.98484846969697,0,0.5,0.5
19.0151515,0,0.5,0.5
19.045454530303033,0,0.5,0.5
19.075757560606064,0,0.5,0.5
19.10606059090909,0,0.5,0.5
19.136363621212123,0,0.5,0.5
19.166666651515154,0,0.5,0.5
19.196969681818185,0,0.5,0.5
19.227272712121213,0,0.5,0.5
19.257575742424244,0,0.5,0.5
19.287878772727275,0,0.5,0.5
19.318181803030306,0,0.5,0.5
19.348484833333334,0,0.5,0.5
19.378787863636365,0,0.5,0.5
19.409090893939396,0,0.5,0.5
19.439393924242427,0,0.5,0.5
19.46969695454546,0,0.5,0.5
19.499999984848486,0,0.5,0.5
19.530303015151517,0,0.5,0.5
19.56060604545455,0,0.5,0.5
19.59090907575758,0,0.5,0.5
19.621212106060607,0,0.5,0.5
19.65151513636364,0,0.5,0.5
19.68181816666667,0,0.5,0.5
19.7121211969697,0,0.5,0.5
19.74242422727273,0,0.5,0.5
19.77272725757576,0,0.5,0.5
19.80303028787879,0,0.5,0.5
19.833333318181822,0.1875,0.35389444231987,0.5591801404953003
19.86363634848485,0.1875,0.36756837368011475,0.6265721321105957
19.89393937878788,0,0.5,0.5
19.924242409090912,0.15625,0.3463902175426483,0.4305567145347595
19.954545439393943,0.125,0.26968392729759216,0.5916914343833923
19.98484846969697,0.09375,0.05198891833424568,0.4022738039493561
20.0151515,0.0625,0.5350182056427002,0.4628489017486572
20.045454530303033,0.0625,0.4838026165962219,0.27772217988967896
20.075757560606064,0.03125,0.426933228969574,0.26555296778678894
20.10606059090909,0.03125,0.3950038254261017,0.25643202662467957
20.136363621212123,0.0625,0.9701595306396484,0.6561427712440491
20.166666651515154,0.0625,0.32797518372535706,0.39367082715034485
20.196969681818185,0.03125,0.48240330815315247,0.45501402020454407
20.227272712121213,0.0625,0.4706372320652008,0.2874073386192322
20.257575742424244,0.09375,0.5988398790359497,0.18666498363018036
20.287878772727275,0.09375,0.5703795552253723,0.29771482944488525
20.318181803030306,0.125,0.36591342091560364,0.8353902697563171
20.348484833333334,0.125,0.36013150215148926,0.6773620247840881
20.378787863636365,0.15625,0.3223749101161957,0.6348685622215271
20.409090893939396,0.15625,0.3619300425052643,0.5644954442977905
20.439393924242427,0.1875,0.3429747521877289,0.6042291522026062
20.46969695454546,0,0.5,0.5
20.499999984848486,0,0.5,0.5
20.530303015151517,0,0.5,0.5
20.56060604545455,0,0.5,0.5
20.59090907575758,0,0.5,0.5
20.621212106060607,0,0.5,0.5
20.65151513636364,0,0.5,0.5
20.68181816666667,0,0.5,0.5
20.7121211969697,0,0.5,0.5
20.74242422727273,0,0.5,0.5
20.77272725757576,0,0.5,0.5
20.80303028787879,0,0.5,0.5
20.833333318181822,0,0.5,0.5
20.86363634848485,0,0.5,0.5
20.89393937878788,0,0.5,0.5
20.924242409090912,0,0.5,0.5
20.954545439393943,0,0.5,0.5
20.98484846969697,0,0.5,0.5
21.0151515,0,0.5,0.5
21.045454530303033,0,0.5,0.5
21.075757560606064,0,0.5,0.5
21.10606059090909,0,0.5,0.5
21.136363621212123,0,0.5,0.5
21.166666651515154,0,0.5,0.5
21.196969681818185,0,0.5,0.5
21.227272712121213,0,0.5,0.5
21.257575742424244,0,0.5,0.5
21.287878772727275,0,0.5,0.5
21.318181803030306,0,0.5,0.5
21.348484833333337,0,0.5,0.5
21.378787863636365,0,0.5,0.5
21.409090893939396,0,0.5,0.5
21.439393924242427,0,0.5,0.5
21.46969695454546,0,0.5,0.5
21.499999984848486,0,0.5,0.5
21.530303015151517,0,0.5,0.5
21.56060604545455,0,0.5,0.5
21.59090907575758,0,0.5,0.5
21.621212106060607,0,0.5,0.5
21.65151513636364,0,0.5,0.5
21.68181816666667,0,0.5,0.5
21.7121211969697,0,0.5,0.5
21.74242422727273,0,0.5,0.5
21.77272725757576,0,0.5,0.5
21.80303028787879,0,0.5,0.5
21.833333318181822,0,0.5,0.5
21.86363634848485,0,0.5,0.5
21.89393937878788,0,0.5,0.5
21.924242409090912,0,0.5,0.5
21.954545439393943,0,0.5,0.5
21.98484846969697,0,0.5,0.5
22.0151515,0,0.5,0.5
22.045454530303033,0,0.5,0.5
22.075757560606064,0,0.5,0.5
22.10606059090909,0,0.5,0.5
22.136363621212123,0,0.5,0.5
22.166666651515154,0,0.5,0.5
22.196969681818185,0,0.5,0.5
22.227272712121213,0,0.5,0.5
22.257575742424244,0,0.5,0.5
22.287878772727275,0.15625,0.8238697648048401,0.5242276787757874
22.318181803030306,0.125,0.7877119183540344,0.5210861563682556
22.348484833333337,0.15625,0.8751295208930969,0.30564847588539124
22.378787863636365,0.09375,0.46057382225990295,0.443589448928833
22.409090893939396,0.09375,0.6027314066886902,0.4376624822616577
22.439393924242427,0.09375,0.5806664228439331,0.32802751660346985
22.46969695454546,0.09375,0.404702365398407,0.49118778109550476
22.499999984848486,0.09375,0.36679255962371826,0.30051636695861816
22.530303015151517,0.09375,0.21354940533638,0.2294013351202011
22.56060604545455,0.09375,0.18934154510498047,0.3034619092941284
22.59090907575758,0,0.5,0.5
22.621212106060607,0,0.5,0.5
22.65151513636364,0,0.5,0.5
22.68181816666667,0,0.5,0.5
22.7121211969697,0,0.5,0.5
22.74242422727273,0,0.5,0.5
22.77272725757576,0,0.5,0.5
22.80303028787879,0,0.5,0.5
22.833333318181822,0,0.5,0.5
22.86363634848485,0,0.5,0.5
22.89393937878788,0,0.5,0.5
22.924242409090912,0,0.5,0.5
22.954545439393943,0,0.5,0.5
22.98484846969697,0,0.5,0.5
23.0151515,0,0.5,0.5
23.045454530303033,0,0.5,0.5
23.075757560606064,0,0.5,0.5
23.10606059090909,0,0.5,0.5
23.136363621212123,0,0.5,0.5
23.166666651515154,0,0.5,0.5
23.196969681818185,0,0.5,0.5
23.227272712121213,0,0.5,0.5
23.257575742424244,0,0.5,0.5
23.287878772727275,0,0.5,0.5
23.318181803030306,0,0.5,0.5
23.348484833333337,0,0.5,0.5
23.378787863636365,0,0.5,0.5
23.409090893939396,0,0.5,0.5
23.439393924242427,0,0.5,0.5
23.46969695454546,0,0.5,0.5
23.499999984848486,0,0.5,0.5
23.530303015151517,0,0.5,0.5
23.56060604545455,0,0.5,0.5
23.59090907575758,0,0.5,0.5
23.621212106060607,0,0.5,0.5
23.65151513636364,0,0.5,0.5
23.68181816666667,0,0.5,0.5
23.7121211969697,0,0.5,0.5
23.74242422727273,0,0.5,0.5
23.77272725757576,0,0.5,0.5
23.80303028787879,0,0.5,0.5
23.833333318181822,0,0.5,0.5
23.86363634848485,0,0.5,0.5
23.89393937878788,0,0.5,0.5
23.924242409090912,0,0.5,0.5
23.954545439393943,0,0.5,0.5
23.98484846969697,0,0.5,0.5
24.0151515,0,0.5,0.5
24.045454530303033,0,0.5,0.5
24.075757560606064,0,0.5,0.5
24.10606059090909,0,0.5,0.5
24.136363621212123,0,0.5,0.5
24.166666651515154,0,0.5,0.5
24.196969681818185,0,0.5,0.5
24.227272712121213,0,0.5,0.5
24.257575742424244,0,0.5,0.5
24.287878772727275,0,0.5,0.5
24.318181803030306,0,0.5,0.5
24.348484833333337,0,0.5,0.5
24.378787863636365,0,0.5,0.5
24.409090893939396,0,0.5,0.5
24.439393924242427,0.15625,0.7732859253883362,0.5050857663154602
24.46969695454546,0.15625,0.7597708106040955,0.48720410466194153
24.499999984848486,0,0.5,0.5
24.530303015151517,0.125,0.6015474796295166,0.5286771655082703
24.56060604545455,0.09375,0.5601091980934143,0.4860473573207855
24.59090907575758,0.09375,0.5593293309211731,0.5661435723304749
24.621212106060607,0.09375,0.5160367488861084,0.5096123218536377
24.65151513636364,0.09375,0.4836972951889038,0.5138276219367981
24.68181816666667,0.09375,0.44712018966674805,0.514894425868988
24.7121211969697,0.09375,0.3613712787628174,0.45698776841163635
24.74242422727273,0.125,0.012133323587477207,0.5317040681838989
24.77272725757576,0.09375,0.2511715292930603,0.40226829051971436
24.80303028787879,0.09375,0.3338284492492676,0.39277780055999756
24.833333318181822,0.09375,0.22282405197620392,0.3479650616645813
24.86363634848485,0,0.5,0.5
24.89393937878788,0,0.5,0.5
24.924242409090912,0,0.5,0.5
24.954545439393943,0,0.5,0.5
24.98484846969697,0,0.5,0.5
25.0151515,0,0.5,0.5
25.045454530303033,0.21875,0.14510557055473328,0.6309986710548401
25.075757560606064,0.21875,0.10291769355535507,0.5679486393928528
25.10606059090909,0.25,0.14948531985282898,0.6080352663993835
25.136363621212123,0.25,0.1974479705095291,0.6416832208633423
25.166666651515154,0,0.5,0.5
25.196969681818185,0,0.5,0.5
25.227272712121213,0,0.5,0.5
25.257575742424244,0,0.5,0.5
25.287878772727275,0,0.5,0.5
25.318181803030306,0,0.5,0.5
25.348484833333337,0,0.5,0.5
25.378787863636365,0,0.5,0.5
25.409090893939396,0,0.5,0.5
25.439393924242427,0,0.5,0.5
25.46969695454546,0,0.5,0.5
25.499999984848486,0,0.5,0.5
25.530303015151517,0,0.5,0.5
25.56060604545455,0,0.5,0.5
25.59090907575758,0,0.5,0.5
25.621212106060607,0,0.5,0.5
25.65151513636364,0,0.5,0.5
25.68181816666667,0,0.5,0.5
25.7121211969697,0,0.5,0.5
25.74242422727273,0,0.5,0.5
25.77272725757576,0,0.5,0.5
25.80303028787879,0,0.5,0.5
25.833333318181822,0,0.5,0.5
25.86363634848485,0,0.5,0.5
25.89393937878788,0,0.5,0.5
25.924242409090912,0,0.5,0.5
25.954545439393943,0,0.5,0.5
25.98484846969697,0,0.5,0.5
26.0151515,0,0.5,0.5
26.045454530303033,0,0.5,0.5
26.075757560606064,0,0.5,0.5
26.10606059090909,0,0.5,0.5
26.136363621212123,0,0.5,0.5
26.166666651515154,0,0.5,0.5
26.196969681818185,0,0.5,0.5
26.227272712121216,0,0.5,0.5
26.257575742424244,0,0.5,0.5
26.287878772727275,0,0.5,0.5
26.318181803030306,0,0.5,0.5
26.348484833333337,0,0.5,0.5
26.378787863636365,0,0.5,0.5
26.409090893939396,0,0.5,0.5
26.439393924242427,0,0.5,0.5
26.46969695454546,0,0.5,0.5
26.499999984848486,0,0.5,0.5
26.530303015151517,0,0.5,0.5
26.56060604545455,0,0.5,0.5
26.59090907575758,0,0.5,0.5
26.621212106060607,0,0.5,0.5
26.65151513636364,0,0.5,0.5
26.68181816666667,0,0.5,0.5
26.7121211969697,0,0.5,0.5
26.74242422727273,0,0.5,0.5
26.77272725757576,0,0.5,0.5
26.80303028787879,0,0.5,0.5
26.833333318181822,0,0.5,0.5
26.86363634848485,0,0.5,0.5
26.89393937878788,0.09375,0.33509761095046997,0.3466099798679352
26.924242409090912,0.125,0.20374836027622223,0.7762819528579712
26.954545439393943,0.125,0.5426817536354065,0.08440374583005905
26.98484846969697,0.09375,0.3494723439216614,0.4068147540092468
27.0151515,0.125,0.5635272264480591,0.44675931334495544
27.045454530303033,0.09375,0.592344343662262,0.43586617708206177
27.075757560606064,0.09375,0.740333616733551,0.3955341875553131
27.10606059090909,0.125,0.7717269062995911,0.429421991109848
27.136363621212123,0,0.5,0.5
27.166666651515154,0,0.5,0.5
27.196969681818185,0,0.5,0.5
27.227272712121216,0,0.5,0.5
27.257575742424244,0,0.5,0.5
27.287878772727275,0,0.5,0.5
27.318181803030306,0,0.5,0.5
27.348484833333337,0,0.5,0.5
27.378787863636365,0,0.5,0.5
27.409090893939396,0,0.5,0.5
27.439393924242427,0,0.5,0.5
27.46969695454546,0,0.5,0.5
27.499999984848486,0,0.5,0.5
27.530303015151517,0,0.5,0.5
27.56060604545455,0,0.5,0.5
27.59090907575758,0,0.5,0.5
27.621212106060607,0,0.5,0.5
27.65151513636364,0,0.5,0.5
27.68181816666667,0,0.5,0.5
27.7121211969697,0,0.5,0.5
27.74242422727273,0,0.5,0.5
27.77272725757576,0.21875,0.7287178635597229,0.5654575824737549
27.80303028787879,0.1875,0.6513172388076782,0.5660942196846008
27.833333318181822,0.1875,0.5332735180854797,0.5970311760902405
27.86363634848485,0.1875,0.3713730275630951,0.6377080678939819
27.89393937878788,0,0.5,0.5
27.924242409090912,0,0.5,0.5
27.954545439393943,0,0.5,0.5
27.98484846969697,0,0.5,0.5
28.0151515,0,0.5,0.5
28.045454530303033,0,0.5,0.5
28.075757560606064,0,0.5,0.5
28.10606059090909,0,0.5,0.5
28.136363621212123,0,0.5,0.5
28.166666651515154,0,0.5,0.5
28.196969681818185,0,0.5,0.5
28.227272712121216,0,0.5,0.5
28.257575742424244,0,0.5,0.5
28.287878772727275,0,0.5,0.5
28.318181803030306,0,0.5,0.5
28.348484833333337,0,0.5,0.5
28.378787863636365,0,0.5,0.5
28.409090893939396,0,0.5,0.5
28.439393924242427,0,0.5,0.5
28.46969695454546,0,0.5,0.5
28.499999984848486,0,0.5,0.5
28.530303015151517,0,0.5,0.5
28.56060604545455,0,0.5,0.5
28.59090907575758,0,0.5,0.5
28.621212106060607,0,0.5,0.5
28.65151513636364,0,0.5,0.5
28.68181816666667,0,0.5,0.5
28.7121211969697,0.09375,0.2580280303955078,0.2831589877605438
28.74242422727273,0.09375,0.024783745408058167,0.3555203378200531
28.77272725757576,0.09375,0.5709972381591797,0.39635080099105835
28.80303028787879,0.09375,0.49083155393600464,0.3729029595851898
28.833333318181822,0.09375,0.5688533782958984,0.4572359621524811
28.86363634848485,0.09375,0.6337171792984009,0.6829395890235901
28.89393937878788,0.40625,0.4710959792137146,0.7442924976348877
28.924242409090912,0,0.5,0.5
28.954545439393943,0,0.5,0.5
28.98484846969697,0,0.5,0.5
29.0151515,0,0.5,0.5
29.045454530303033,0,0.5,0.5
29.075757560606064,0,0.5,0.5
29.106060590909095,0,0.5,0.5
29.136363621212123,0,0.5,0.5
29.166666651515154,0,0.5,0.5
29.196969681818185,0,0.5,0.5
29.227272712121216,0,0.5,0.5
29.257575742424244,0,0.5,0.5
29.287878772727275,0,0.5,0.5
29.318181803030306,0,0.5,0.5
29.348484833333337,0,0.5,0.5
29.378787863636365,0,0.5,0.5
29.409090893939396,0,0.5,0.5
29.439393924242427,0,0.5,0.5
29.46969695454546,0,0.5,0.5
29.499999984848486,0,0.5,0.5
29.530303015151517,0,0.5,0.5
29.56060604545455,0,0.5,0.5
29.59090907575758,0,0.5,0.5
29.621212106060607,0,0.5,0.5
29.65151513636364,0,0.5,0.5
29.68181816666667,0,0.5,0.5
29.7121211969697,0,0.5,0.5
29.74242422727273,0,0.5,0.5
29.77272725757576,0,0.5,0.5
29.80303028787879,0,0.5,0.5
29.833333318181822,0,0.5,0.5
29.86363634848485,0,0.5,0.5
29.89393937878788,0,0.5,0.5
29.924242409090912,0,0.5,0.5
29.954545439393943,0,0.5,0.5
29.98484846969697,0,0.5,0.5
30.0151515,0,0.5,0.5
30.045454530303033,0,0.5,0.5
30.075757560606064,0,0.5,0.5
30.106060590909095,0,0.5,0.5
30.136363621212123,0,0.5,0.5
30.166666651515154,0,0.5,0.5
30.196969681818185,0,0.5,0.5
30.227272712121216,0,0.5,0.5
30.257575742424244,0,0.5,0.5
30.287878772727275,0,0.5,0.5
30.318181803030306,0,0.5,0.5
30.348484833333337,0,0.5,0.5
30.378787863636365,0,0.5,0.5
30.409090893939396,0,0.5,0.5
30.439393924242427,0,0.5,0.5
30.46969695454546,0,0.5,0.5
30.499999984848486,0,0.5,0.5
30.530303015151517,0,0.5,0.5
30.56060604545455,0,0.5,0.5
30.59090907575758,0,0.5,0.5
30.621212106060607,0,0.5,0.5
