# Time (seconds),f0_f0,f0_f1,f0_f2,f0_f3,f0_f4,f0_f5
0.0099999,0.3130418658256531,-0.4411316514015198,9.869498252868652,-0.001983642578125,-0.003662109375,-0.00244140625
0.029999900000000003,0.3130418658256531,-0.4411316514015198,9.869498252868652,-0.001983642578125,-0.003662109375,-0.00244140625
0.0499999,0.314238965511322,-0.4411316514015198,9.870695114135742,-0.002899169921875,-0.00274658203125,-0.00244140625
0.0699999,0.3148375153541565,-0.43993455171585083,9.870096206665039,-0.001373291015625,-0.0030517578125,-0.00274658203125
0.08999990000000001,0.31543606519699097,-0.43933600187301636,9.870695114135742,-0.0006103515625,-0.003814697265625,-0.001678466796875
0.10999990000000001,0.31364041566848755,-0.4381389021873474,9.871294021606445,-0.00213623046875,-0.00396728515625,-0.001983642578125
0.1299999,0.31364041566848755,-0.43694180250167847,9.872490882873535,-0.00244140625,-0.0030517578125,-0.002899169921875
0.14999990000000002,0.31184476613998413,-0.436343252658844,9.874884605407715,-0.00152587890625,-0.003662109375,-0.00335693359375
0.1699999,0.3124433159828186,-0.43694180250167847,9.873687744140625,-0.001068115234375,-0.003814697265625,-0.00335693359375
0.1899999,0.3130418658256531,-0.43694180250167847,9.873687744140625,0,-0.0042724609375,-0.001983642578125
0.20999990000000002,0.31364041566848755,-0.43694180250167847,9.871294021606445,0,-0.005035400390625,-0.00244140625
0.2299999,0.31364041566848755,-0.43694180250167847,9.86889934539795,0.00091552734375,-0.005340576171875,-0.00274658203125
0.2499999,0.3148375153541565,-0.4381389021873474,9.868300437927246,0.002593994140625,-0.005340576171875,-0.001983642578125
0.2699999,0.31543606519699097,-0.4381389021873474,9.86889934539795,0.004119873046875,-0.0067138671875,-0.003509521484375
0.28999990000000003,0.31543606519699097,-0.4387374520301819,9.870096206665039,0.004730224609375,-0.00732421875,-0.006103515625
0.3099999,0.3166331648826599,-0.436343252658844,9.870695114135742,0.002593994140625,-0.005950927734375,-0.0042724609375
0.3299999,0.31603461503982544,-0.4339490532875061,9.870096206665039,-0.000457763671875,-0.004730224609375,-0.002899169921875
0.34999990000000003,0.31543606519699097,-0.43095630407333374,9.870695114135742,-0.000762939453125,-0.003204345703125,-0.00274658203125
0.3699999,0.3166331648826599,-0.4279635548591614,9.870096206665039,-0.001373291015625,-0.0042724609375,-0.00274658203125
0.3899999,0.3166331648826599,-0.4279635548591614,9.871891975402832,0.001068115234375,-0.00457763671875,-0.004425048828125
0.40999990000000003,0.3166331648826599,-0.4297592043876648,9.871891975402832,-0.00091552734375,-0.004425048828125,-0.0042724609375
0.4299999,0.31603461503982544,-0.4321534037590027,9.872490882873535,-0.00335693359375,-0.0042724609375,-0.003509521484375
0.4499999,0.3148375153541565,-0.4345476031303406,9.871891975402832,-0.0018310546875,-0.00396728515625,-0.003204345703125
0.4699999,0.31364041566848755,-0.4345476031303406,9.871891975402832,-0.001220703125,-0.003509521484375,-0.003509521484375
0.4899999,0.31543606519699097,-0.43335050344467163,9.872490882873535,-0.002288818359375,-0.003814697265625,-0.0042724609375
0.5099999,0.3172317147254944,-0.43095630407333374,9.874884605407715,-0.001220703125,-0.004119873046875,-0.004119873046875
0.5299999,0.3172317147254944,-0.43095630407333374,9.874884605407715,-0.00213623046875,-0.00335693359375,-0.003662109375
0.5499999,0.31842881441116333,-0.4273650050163269,9.873687744140625,-0.0006103515625,-0.004425048828125,-0.0042724609375
0.5699999,0.31603461503982544,-0.4279635548591614,9.871294021606445,0.00030517578125,-0.004730224609375,-0.006256103515625
0.5899998999999999,0.31543606519699097,-0.4273650050163269,9.86770248413086,0,-0.004425048828125,-0.005645751953125
0.6099998999999999,0.314238965511322,-0.4279635548591614,9.86650562286377,-0.002593994140625,-0.003662109375,-0.00457763671875
0.6299999,0.3130418658256531,-0.4291606545448303,9.86650562286377,-0.003204345703125,-0.003814697265625,-0.00244140625
0.6499999,0.314238965511322,-0.4291606545448303,9.86889934539795,-0.00213623046875,-0.0030517578125,-0.003204345703125
0.6699999,0.31543606519699097,-0.42856210470199585,9.871294021606445,-0.000762939453125,-0.004119873046875,-0.00274658203125
0.6899999,0.3172317147254944,-0.4291606545448303,9.874286651611328,-0.00030517578125,-0.004119873046875,-0.00274658203125
0.7099999,0.31783026456832886,-0.42856210470199585,9.876680374145508,-0.000762939453125,-0.003814697265625,-0.003204345703125
0.7299998999999999,0.3172317147254944,-0.4297592043876648,9.877877235412598,0.001678466796875,-0.005950927734375,-0.00518798828125
0.7499998999999999,0.31603461503982544,-0.4291606545448303,9.8784761428833,0.00152587890625,-0.005340576171875,-0.00396728515625
0.7699999,0.31603461503982544,-0.42856210470199585,9.877279281616211,-0.00091552734375,-0.003662109375,-0.00213623046875
0.7899999,0.3166331648826599,-0.4273650050163269,9.875483512878418,-0.002288818359375,-0.00244140625,-0.002899169921875
0.8099999,0.3172317147254944,-0.42616790533065796,9.874286651611328,-0.00091552734375,-0.002288818359375,-0.003204345703125
0.8299999,0.3190273642539978,-0.42616790533065796,9.873088836669922,0.0006103515625,-0.004730224609375,-0.00244140625
0.8499998999999999,0.3214215636253357,-0.42437225580215454,9.873088836669922,0.0030517578125,-0.00640869140625,-0.004119873046875
0.8699998999999999,0.322618693113327,-0.4231751561164856,9.873687744140625,0.00457763671875,-0.006866455078125,-0.00579833984375
0.8899999,0.32381579279899597,-0.41958385705947876,9.874286651611328,0.00152587890625,-0.005645751953125,-0.0054931640625
0.9099999,0.322618693113327,-0.41718965768814087,9.873687744140625,0,-0.00457763671875,-0.004119873046875
0.9299999,0.32202014327049255,-0.414795458316803,9.871294021606445,0.000457763671875,-0.005340576171875,-0.00579833984375
0.9499999,0.3208230137825012,-0.41359832882881165,9.869498252868652,0.00091552734375,-0.005035400390625,-0.005950927734375
0.9699998999999999,0.3208230137825012,-0.4129997789859772,9.86770248413086,0.004119873046875,-0.006103515625,-0.007171630859375
0.9899998999999999,0.3196259140968323,-0.41359832882881165,9.86770248413086,0.006866455078125,-0.0067138671875,-0.010833740234375
1.0099999,0.32022446393966675,-0.4129997789859772,9.869498252868652,0.004425048828125,-0.00640869140625,-0.009307861328125
1.0299999,0.3196259140968323,-0.4118026793003082,9.873088836669922,0.001068115234375,-0.00518798828125,-0.007476806640625
1.0499999,0.3208230137825012,-0.4106055796146393,9.875483512878418,-0.001220703125,-0.003509521484375,-0.008392333984375
1.0699999,0.3208230137825012,-0.40940847992897034,9.876680374145508,-0.00213623046875,-0.003204345703125,-0.01007080078125
1.0899999,0.32202014327049255,-0.4106055796146393,9.877279281616211,-0.00244140625,-0.002899169921875,-0.01220703125
1.1099999,0.3172317147254944,-0.40880993008613586,9.876680374145508,-0.000152587890625,-0.004730224609375,-0.012359619140625
1.1299999,0.30047231912612915,-0.3842693865299225,9.876680374145508,0.0018310546875,-0.0048828125,-0.00335693359375
1.1499999,0.25019407272338867,-0.3016694188117981,9.880870819091797,0.009613037109375,-0.011444091796875,0.09033203125
1.1699998999999999,0.19452889263629913,-0.06224924325942993,9.888052940368652,0.0714111328125,-0.051116943359375,0.466766357421875
1.1899998999999999,0.053270988166332245,0.18734627962112427,9.894637107849121,0.146636962890625,-0.10955810546875,1.7242431640625
1.2099999,-0.08080431073904037,0.09277531504631042,9.906009674072266,-0.042724609375,-0.06927490234375,3.51654052734375
1.2299999,-0.37469255924224854,-0.17657238245010376,9.907805442810059,-0.203857421875,-0.08758544921875,4.9884033203125
1.2499999,-0.41359832882881165,-0.8888474106788635,9.894038200378418,-0.096282958984375,-0.156097412109375,4.35516357421875
1.2699999,-0.31364041566848755,-1.6388310194015503,9.8599214553833,-0.087432861328125,-0.1800537109375,3.99810791015625
1.2899999,0.03232172131538391,-2.031480073928833,9.818022727966309,-0.01556396484375,-0.25787353515625,4.398193359375
1.3099999,0.40282443165779114,-1.8495208024978638,9.795876502990723,0.059356689453125,-0.310821533203125,4.43878173828125
1.3299999,0.8774749040603638,-1.280897855758667,9.78869342803955,0.60089111328125,-0.489501953125,3.845367431640625
1.3499999,1.0660183429718018,-0.4279635548591614,9.82879638671875,0.612030029296875,-0.3594970703125,2.559051513671875
1.3699999,1.2898762226104736,0.19213469326496124,9.850942611694336,0.1947021484375,-0.111541748046875,1.6778564453125
1.3899999,1.2587515115737915,0.3292027413845062,9.890447616577148,-0.01007080078125,-0.0238037109375,0.884857177734375
1.4099999,1.0971429347991943,0.10594342648983002,9.896432876586914,0.0604248046875,-0.074920654296875,0.472869873046875
1.4299998999999999,0.7936778664588928,-0.22924481332302094,9.892841339111328,0.0494384765625,-0.0469970703125,0.2447509765625
1.4499999,0.497395396232605,-0.49380409717559814,9.88506031036377,-0.03814697265625,0.019073486328125,0.12176513671875
1.4699999,0.29807811975479126,-0.5416881442070007,9.86650562286377,-0.040740966796875,0.035858154296875,0.045166015625
1.4899999,0.23104046285152435,-0.4255693554878235,9.86231517791748,-0.00732421875,0.0347900390625,0.01312255859375
1.5099999,0.2513911724090576,-0.25737667083740234,9.86111831665039,-0.002593994140625,0.003814697265625,-0.064849853515625
1.5299999,0.4159925580024719,-0.004189853090792894,9.865906715393066,-0.016021728515625,0.006103515625,-0.435028076171875
1.5499999,0.6709750294685364,0.16998831927776337,9.865906715393066,-0.05615234375,0.041351318359375,-1.55059814453125
1.5699999,0.9660604000091553,0.33339259028434753,9.87967300415039,-0.031280517578125,0.07354736328125,-2.926177978515625
1.5899999,1.2551602125167847,0.34656068682670593,9.877279281616211,0.14801025390625,0.063629150390625,-4.155731201171875
1.6099999,1.902193307876587,0.10354922711849213,9.832387924194336,-0.002593994140625,-0.1153564453125,-5
1.6299999,2.0422539710998535,-0.076015904545784,9.780313491821289,-0.263214111328125,-0.088348388671875,-5
1.6499999,2.0225019454956055,-0.09277531504631042,9.775525093078613,-0.199737548828125,-0.05706787109375,-4.9176025390625
1.6699999,1.692102074623108,-0.1430535465478897,9.790489196777344,-0.174102783203125,-0.059356689453125,-4.1912841796875
1.6899998999999999,1.062427043914795,-0.3974374830722809,9.832986831665039,-0.157012939453125,-0.059967041015625,-3.608551025390625
1.7099999,0.3597288131713867,-0.9241618514060974,9.87967300415039,-0.09490966796875,-0.067138671875,-2.190704345703125
1.7299999,-0.13048399984836578,-1.425148606300354,9.921571731567383,-0.006103515625,-0.022430419921875,-0.297088623046875
1.7499999,-0.4100070297718048,-1.8195933103561401,9.946710586547852,0.022125244140625,0.004119873046875,0.489654541015625
1.7699999,-0.34177228808403015,-1.680729627609253,9.935338973999023,0.015411376953125,-0.02716064453125,0.58074951171875
1.7899999,-0.07781155407428741,-1.104325532913208,9.915586471557617,0.003509521484375,0.003204345703125,0.2703857421875
1.8099999,0.2256535142660141,-0.44532153010368347,9.882665634155273,-0.003204345703125,0.01220703125,0.037689208984375
1.8299999,0.4429273009300232,0.14425064623355865,9.8599214553833,-0.013580322265625,0.00579833984375,-0.005950927734375
1.8499999,0.5692214369773865,0.44771572947502136,9.847352027893066,-0.037384033203125,-0.01708984375,0.01007080078125
1.8699999,0.6165069341659546,0.50876784324646,9.846753120422363,-0.05645751953125,-0.012969970703125,0.0250244140625
1.8899999,0.6075286865234375,0.41778820753097534,9.846753120422363,-0.079193115234375,-0.0128173828125,0.029144287109375
1.9099999,0.5770025849342346,0.2663549482822418,9.849745750427246,-0.089569091796875,-0.002899169921875,0.02288818359375
1.9299998999999999,0.5398924946784973,0.11133038252592087,9.850942611694336,-0.088653564453125,0.006866455078125,0.020904541015625
1.9499999,0.4985924959182739,-0.0077811554074287415,9.855731010437012,-0.084228515625,0.011444091796875,0.024261474609375
1.9699999,0.4507084786891937,-0.08499415963888168,9.86111831665039,-0.095977783203125,0.004730224609375,0.05950927734375
1.9899999,0.4273650050163269,-0.13048399984836578,9.868300437927246,-0.067596435546875,0.007171630859375,0.113983154296875
2.0099999,0.4357447028160095,-0.15562310814857483,9.871891975402832,-0.048675537109375,-0.001373291015625,0.10467529296875
2.0299999,0.46567222476005554,-0.17417816817760468,9.875483512878418,-0.050506591796875,-0.01434326171875,0.0421142578125
2.0499999,0.5171475410461426,-0.19273324310779572,9.874884605407715,-0.037994384765625,-0.015411376953125,0.0177001953125
2.0699999,0.5440823435783386,-0.20290859043598175,9.873088836669922,-0.009613037109375,-0.009307861328125,0.018310546875
2.0899999,0.5363011956214905,-0.20949265360832214,9.871891975402832,0.00823974609375,-0.003509521484375,0.03570556640625
2.1099999,0.5279214978218079,-0.20470423996448517,9.870096206665039,0.019378662109375,-0.00213623046875,0.077667236328125
2.1299999,0.5063736438751221,-0.20231004059314728,9.86889934539795,0.004730224609375,-0.00823974609375,0.047760009765625
2.1499999,0.5009866952896118,-0.1975216418504715,9.86770248413086,-0.00335693359375,-0.01068115234375,0.010528564453125
2.1699999,0.49799394607543945,-0.19572599232196808,9.867103576660156,0.014190673828125,-0.005950927734375,0.006256103515625
2.1899999,0.4920084476470947,-0.19931729137897491,9.867103576660156,0.032958984375,0.003509521484375,0.013275146484375
2.2099999,0.4902127981185913,-0.19871874153614044,9.867103576660156,0.037689208984375,0.00640869140625,0.03875732421875
2.2299999,0.4866214990615845,-0.19273324310779572,9.868300437927246,0.02410888671875,0.00152587890625,0.045166015625
2.2499999,0.4884171485900879,-0.17717093229293823,9.869498252868652,0.001068115234375,-0.005035400390625,0.031280517578125
2.2699999,0.49320554733276367,-0.15502455830574036,9.870096206665039,-0.020904541015625,-0.00640869140625,0.01251220703125
2.2899999,0.4950011968612671,-0.14065934717655182,9.872490882873535,-0.0390625,-0.007171630859375,-0.00091552734375
2.3099999,0.49380409717559814,-0.12749123573303223,9.870096206665039,-0.03448486328125,-0.006103515625,0.001220703125
2.3299999,0.4854243993759155,-0.13766659796237946,9.871891975402832,-0.0628662109375,-0.009918212890625,0.027923583984375
2.3499999,0.4866214990615845,-0.152031809091568,9.871891975402832,-0.03631591796875,-0.00457763671875,0.052947998046875
2.3699999,0.4842272996902466,-0.17717093229293823,9.873088836669922,-0.021820068359375,-0.005950927734375,0.030670166015625
2.3899999,0.4920084476470947,-0.20350714027881622,9.874286651611328,-0.01708984375,-0.004730224609375,0.0054931640625
2.4099999,0.4985924959182739,-0.22505496442317963,9.873687744140625,-0.01739501953125,-0.00091552734375,0.00762939453125
2.4299999,0.5003881454467773,-0.23822307586669922,9.871294021606445,-0.002899169921875,-0.00091552734375,0.010986328125
2.4499999,0.5009866952896118,-0.24420857429504395,9.86889934539795,0.0146484375,-0.00030517578125,0.00946044921875
2.4699999,0.49978959560394287,-0.243011474609375,9.86650562286377,0.012054443359375,-0.000762939453125,0.007171630859375
2.4899999,0.49978959560394287,-0.23702596127986908,9.865906715393066,0.00335693359375,0.0006103515625,0.0091552734375
2.5099999,0.4991910457611084,-0.228047713637352,9.867103576660156,0.0103759765625,0.003662109375,0.015106201171875
2.5299999,0.4967968463897705,-0.2148796021938324,9.86889934539795,0.033111572265625,0.01129150390625,0.0238037109375
2.5499999,0.4854243993759155,-0.19393034279346466,9.874884605407715,0.025787353515625,0.01007080078125,0.052947998046875
2.5699999,0.48063600063323975,-0.18076223134994507,9.875483512878418,0.0555419921875,0.003662109375,0.1092529296875
2.5899999,0.47405192255973816,-0.17058686912059784,9.876680374145508,0.083160400390625,0.010223388671875,0.0628662109375
2.6099999,0.47405192255973816,-0.16759411990642548,9.874286651611328,0.019073486328125,-0.000457763671875,0.01983642578125
2.6299999,0.4776432514190674,-0.16998831927776337,9.870096206665039,-0.004730224609375,-0.00457763671875,0.014190673828125
2.6499999,0.47884035110473633,-0.16759411990642548,9.86650562286377,0.0030517578125,-0.002593994140625,0.018310546875
2.6699999,0.47644615173339844,-0.1586158573627472,9.865307807922363,-0.00030517578125,-0.00244140625,0.014801025390625
2.6899999,0.47405192255973816,-0.15023615956306458,9.86351203918457,-0.0067138671875,-0.000762939453125,0.0091552734375
2.7099999,0.4728548228740692,-0.14365209639072418,9.864110946655273,-0.000152587890625,0.001068115234375,0.00885009765625
2.7299999,0.47225627303123474,-0.14006079733371735,9.86770248413086,0.0067138671875,0.00244140625,0.00762939453125
2.7499999,0.4692635238170624,-0.1364694982767105,9.870695114135742,0.00762939453125,0.001983642578125,0.009613037109375
2.7699999,0.46746787428855896,-0.1346738487482071,9.873088836669922,0.00244140625,-0.00274658203125,0.016326904296875
2.7899999,0.4626794755458832,-0.13407529890537262,9.873687744140625,-0.008087158203125,-0.0030517578125,0.0152587890625
2.8099999,0.46088382601737976,-0.13527239859104156,9.870695114135742,-0.017547607421875,-0.00518798828125,0.0042724609375
2.8299999,0.46148237586021423,-0.13946224749088287,9.867103576660156,-0.0164794921875,-0.00244140625,0.001373291015625
2.8499999,0.4620809257030487,-0.14604631066322327,9.864709854125977,-0.013275146484375,-0.0006103515625,0
2.8699999,0.4644751250743866,-0.15143325924873352,9.864110946655273,-0.00732421875,-0.001068115234375,-0.00091552734375
2.8899999,0.4644751250743866,-0.15801730751991272,9.864110946655273,-0.0054931640625,-0.004119873046875,0.00244140625
2.9099999,0.4638765752315521,-0.16160862147808075,9.86650562286377,-0.003509521484375,-0.004425048828125,0.002288818359375
2.9299999,0.46327802538871765,-0.1646013706922531,9.86889934539795,-0.00274658203125,-0.0054931640625,-0.001068115234375
2.9499999,0.46327802538871765,-0.16519992053508759,9.872490882873535,-0.00457763671875,-0.00701904296875,-0.00213623046875
2.9699999,0.4638765752315521,-0.1628057211637497,9.873088836669922,-0.001678466796875,-0.005340576171875,-0.0030517578125
2.9899999,0.4638765752315521,-0.15981295704841614,9.874286651611328,0.005645751953125,-0.00244140625,-0.00274658203125
3.0099999,0.46507367491722107,-0.15682020783424377,9.873687744140625,0.002899169921875,-0.001983642578125,-0.000762939453125
3.0299999,0.46507367491722107,-0.1538274586200714,9.872490882873535,-0.00091552734375,-0.0048828125,-0.001068115234375
3.0499999,0.46507367491722107,-0.15263035893440247,9.871891975402832,-0.006103515625,-0.0079345703125,-0.003814697265625
3.0699999,0.46327802538871765,-0.15322890877723694,9.869498252868652,-0.00579833984375,-0.007171630859375,-0.003662109375
3.0899999,0.46327802538871765,-0.1538274586200714,9.868300437927246,0.002593994140625,-0.0018310546875,-0.00213623046875
3.1099999,0.4620809257030487,-0.15502455830574036,9.865906715393066,0.005645751953125,0.000762939453125,-0.001373291015625
3.1299999,0.4620809257030487,-0.15562310814857483,9.865307807922363,0.0054931640625,-0.000457763671875,-0.002288818359375
3.1499999,0.4638765752315521,-0.15322890877723694,9.86650562286377,0.00091552734375,-0.004425048828125,-0.0018310546875
3.1699999,0.46627077460289,-0.15083470940589905,9.86650562286377,-0.0048828125,-0.006561279296875,-0.00091552734375
3.1899999,0.46746787428855896,-0.14664486050605774,9.867103576660156,-0.005950927734375,-0.003509521484375,-0.0018310546875
3.2099999,0.4686649739742279,-0.14604631066322327,9.86889934539795,-0.00457763671875,-0.00091552734375,-0.001373291015625
3.2299999,0.4686649739742279,-0.1472434103488922,9.870096206665039,-0.00518798828125,-0.001220703125,-0.00213623046875
3.2499999,0.46746787428855896,-0.15023615956306458,9.871891975402832,-0.004119873046875,-0.003662109375,-0.00274658203125
3.2699999,0.46806642413139343,-0.15442600846290588,9.874286651611328,-0.00396728515625,-0.0042724609375,-0.00213623046875
3.2899999,0.46806642413139343,-0.15801730751991272,9.875483512878418,-0.004730224609375,-0.00396728515625,-0.0006103515625
3.3099999,0.46746787428855896,-0.1646013706922531,9.874286651611328,0.003662109375,-0.001983642578125,0.000457763671875
3.3299999000000002,0.4626794755458832,-0.17956513166427612,9.872490882873535,0.009613037109375,0.004730224609375,0.01312255859375
3.3499999,0.4620809257030487,-0.23523031175136566,9.870695114135742,-0.0006103515625,0.011444091796875,0.062255859375
3.3699999,0.4866214990615845,-0.46567222476005554,9.865307807922363,-0.0054931640625,0.008087158203125,0.113372802734375
3.3899999,0.5524620413780212,-0.9409212470054626,9.855133056640625,-0.0665283203125,-0.0018310546875,-0.022735595703125
3.4099999,0.6051344871520996,-1.6927006244659424,9.84376049041748,-0.143280029296875,0.007476806640625,-0.331878662109375
3.4299999,0.5560533404350281,-2.6641478538513184,9.834781646728516,-0.12054443359375,0.03448486328125,-0.341644287109375
3.4499999,0.37469255924224854,-3.640383720397949,9.831789016723633,-0.044403076171875,0.044097900390625,-0.159149169921875
3.4699999,0.09038111567497253,-4.2293572425842285,9.836577415466309,-0.002288818359375,0.022430419921875,0.038299560546875
3.4899999,-0.19812019169330597,-4.322132587432861,9.848548889160156,-0.00030517578125,0.023040771484375,0.381927490234375
3.5099999,-0.25977087020874023,-3.555389642715454,9.861717224121094,0.011749267578125,0.029449462890625,0.831146240234375
3.5299999,0.05446808785200119,-1.9207483530044556,9.873088836669922,0.024261474609375,0.0042724609375,0.90789794921875
3.5499999,0.6338648796081543,0.22206220030784607,9.880870819091797,0.0592041015625,-0.02197265625,0.384979248046875
3.5699999,1.2689268589019775,2.4343044757843018,9.885659217834473,0.0592041015625,-0.003662109375,-0.255126953125
3.5899999,1.6340426206588745,4.076726913452148,9.892242431640625,0.075225830078125,0.002288818359375,-0.489959716796875
3.6099999,1.5442601442337036,4.702212333679199,9.895833969116211,0.142974853515625,-0.00701904296875,-0.338134765625
3.6299999,1.1773487329483032,4.3179426193237305,9.908403396606445,0.139312744140625,-0.013427734375,-0.03631591796875
3.6499999,0.9636662006378174,3.2758665084838867,9.891045570373535,0.110626220703125,-0.047607421875,0.042877197265625
3.6699999,1.2659341096878052,2.081159830093384,9.839570045471191,-0.035247802734375,-0.093994140625,-0.035858154296875
3.6899999,1.9069817066192627,0.9481038451194763,9.775525093078613,-0.146636962890625,-0.014190673828125,-0.148162841796875
3.7099999,2.565387010574341,0.03531447425484657,9.718663215637207,-0.127410888671875,0.049285888671875,-0.223388671875
3.7299999,2.911349296569824,-0.7140706777572632,9.695918083190918,-0.105438232421875,0.022735595703125,-0.2178955078125
3.7499999,2.7515363693237305,-1.3628993034362793,9.714473724365234,-0.081024169921875,-0.01373291015625,-0.120391845703125
3.7699999,2.42472767829895,-1.7711106538772583,9.743802070617676,-0.086212158203125,-0.010833740234375,-0.0164794921875
3.7899999,2.078765630722046,-1.8644845485687256,9.775525093078613,-0.06011962890625,0.010833740234375,0.089569091796875
3.8099999,1.7896658182144165,-1.6615760326385498,9.794678688049316,0.001220703125,0.007781982421875,0.0469970703125
3.8299999000000002,0.9002198576927185,-0.71766197681427,9.855133056640625,-0.005950927734375,0.004119873046875,0.0323486328125
3.8499999,0.228047713637352,-0.18734627962112427,9.894038200378418,-0.00701904296875,0.016632080078125,0.055694580078125
3.8699999,-0.47824180126190186,0.32441434264183044,9.931148529052734,-0.003509521484375,0.00274658203125,0.082855224609375
3.8899999,-1.1659762859344482,0.7272387742996216,9.965864181518555,0.00152587890625,-0.01251220703125,0.072021484375
3.9099999,-1.6980875730514526,1.0426748991012573,9.99100399017334,0.001220703125,-0.008697509765625,0.0689697265625
3.9299999,-2.0913352966308594,1.2413935661315918,10.00955867767334,0.00244140625,-0.0079345703125,0.10833740234375
3.9499999,-2.208651065826416,1.426345705986023,10.013748168945312,0.002899169921875,-0.00946044921875,0.16693115234375
3.9699999,-2.033275842666626,1.823184609413147,10.014347076416016,0.001373291015625,-0.008392333984375,0.169525146484375
3.9899999,-1.6316484212875366,2.3930046558380127,10.005369186401367,-0.006103515625,-0.004425048828125,0.06134033203125
4.0099999,-1.0785878896713257,3.137601375579834,9.99459457397461,0.004119873046875,-0.006561279296875,-0.097198486328125
4.029999900000001,-0.42197805643081665,3.7714662551879883,9.979032516479492,-0.0048828125,0.00213623046875,-0.28533935546875
4.0499999,0.12509703636169434,3.9169139862060547,9.961075782775879,-0.003509521484375,0.002593994140625,-0.3057861328125
4.069999900000001,0.5237316489219666,3.468599796295166,9.940725326538086,0.055084228515625,-0.000762939453125,-0.34912109375
4.0899999000000005,0.6488286852836609,2.3343467712402344,9.922170639038086,0.141143798828125,-0.005645751953125,-0.423431396484375
4.1099999,0.5153518915176392,0.6033388376235962,9.846753120422363,0.146026611328125,-0.010528564453125,-0.37994384765625
4.1299999000000005,0.22206220030784607,-1.4622586965560913,9.813234329223633,0.045623779296875,-0.0250244140625,-0.292510986328125
4.1499999,0.07481880486011505,-3.2788591384887695,9.743802070617676,-0.199737548828125,-0.058441162109375,-0.53619384765625
4.1699999000000005,-0.05686229094862938,-4.766256809234619,9.725846290588379,-0.17852783203125,-0.022125244140625,-0.39031982421875
4.1899999,-0.0347159244120121,-5.279214859008789,9.734824180603027,-0.07904052734375,0.038604736328125,-0.0103759765625
4.209999900000001,-0.17238251864910126,-4.948814868927002,9.787496566772461,-0.01373291015625,0.082550048828125,0.31219482421875
4.2299999,-0.5213374495506287,-4.064157485961914,9.839570045471191,0.01220703125,-0.006256103515625,0.512237548828125
4.249999900000001,-0.8954314589500427,-2.805405855178833,9.906009674072266,0.013885498046875,-0.025787353515625,0.4833984375
4.2699999,-1.323395013809204,-1.656787633895874,9.958083152770996,0.006866455078125,-0.00946044921875,0.299835205078125
4.289999900000001,-1.6430208683013916,-0.7344213724136353,9.983820915222168,0.000457763671875,-0.004119873046875,0.079803466796875
4.3099999,-1.8064252138137817,-0.07541735470294952,9.996989250183105,-0.00030517578125,-0.00152587890625,0.024566650390625
4.329999900000001,-1.944091796875,0.29628247022628784,9.999981880187988,0.00091552734375,-0.00030517578125,0.10467529296875
4.3499999,-1.8620903491973877,0.47824180126190186,9.987412452697754,0.00335693359375,-0.00244140625,0.198974609375
4.369999900000001,-1.4939818382263184,0.4405331015586853,9.966463088989258,0.007476806640625,-0.005950927734375,0.31524658203125
4.3899999,-0.8481459617614746,0.26815059781074524,9.929951667785645,-0.003662109375,0.00244140625,0.13580322265625
4.409999900000001,-0.1825578808784485,-0.021547814831137657,9.897629737854004,-0.02227783203125,0.010833740234375,0.01373291015625
4.4299999,0.2753331959247589,-0.3345896899700165,9.874286651611328,-0.00946044921875,0.00579833984375,-0.02685546875
4.449999900000001,0.6302735805511475,-0.5901707410812378,9.855731010437012,0.014801025390625,-0.004425048828125,-0.017852783203125
4.4699999,1.1953052282333374,-0.6823474764823914,9.831789016723633,0.0244140625,-0.01007080078125,0.1287841796875
4.489999900000001,2.161964178085327,-0.6655880808830261,9.784503936767578,0.04791259765625,-0.006866455078125,0.14495849609375
4.5099999,3.356072187423706,-0.5398924946784973,9.73781681060791,-0.004730224609375,-0.0128173828125,-0.12542724609375
4.529999900000001,4.277241230010986,-0.43514615297317505,9.694122314453125,-0.04852294921875,-0.02716064453125,-0.240936279296875
4.5499999,4.404732704162598,-0.39145198464393616,9.691129684448242,-0.0006103515625,-0.0146484375,-0.159454345703125
4.569999900000001,3.773261785507202,-0.37169981002807617,9.717466354370117,0.001068115234375,-0.01678466796875,-0.10467529296875
4.5899999000000005,2.6821043491363525,-0.3555389642715454,9.765948295593262,0.00030517578125,-0.019378662109375,-0.071868896484375
4.609999900000001,1.548449993133545,-0.31543606519699097,9.815628051757812,0.00335693359375,-0.028228759765625,-0.051727294921875
4.6299999000000005,0.6697779297828674,-0.2819172441959381,9.854534149169922,0.00030517578125,-0.01953125,-0.050048828125
4.6499999,0.13946224749088287,-0.25318682193756104,9.8784761428833,-0.00213623046875,-0.009002685546875,-0.0457763671875
4.6699999000000005,-0.07481880486011505,-0.2406172752380371,9.888052940368652,-0.004119873046875,0.0006103515625,-0.038299560546875
4.6899999,-0.07242459803819656,-0.23163901269435883,9.888052940368652,-0.006256103515625,0.00885009765625,-0.03570556640625
4.709999900000001,0.04369417950510979,-0.2298433631658554,9.883264541625977,-0.00701904296875,0.014190673828125,-0.026092529296875
4.7299999,0.19273324310779572,-0.23163901269435883,9.877877235412598,-0.008697509765625,0.023040771484375,-0.010833740234375
4.749999900000001,0.31543606519699097,-0.23822307586669922,9.873687744140625,-0.009613037109375,0.0238037109375,-0.007781982421875
4.7699999,0.4010287821292877,-0.24779987335205078,9.874286651611328,-0.007476806640625,0.017547607421875,-0.00885009765625
4.789999900000001,0.444722980260849,-0.26096799969673157,9.876680374145508,-0.00518798828125,0.009765625,-0.004730224609375
4.8099999,0.4596867263317108,-0.27234044671058655,9.880271911621094,-0.003204345703125,0.002593994140625,-0.001220703125
4.829999900000001,0.45848962664604187,-0.2825157940387726,9.882067680358887,-0.0018310546875,-0.00244140625,-0.001220703125
4.8499999,0.444722980260849,-0.28730419278144836,9.882067680358887,-0.0006103515625,-0.006866455078125,-0.0030517578125
4.869999900000001,0.4273650050163269,-0.2890998423099518,9.87967300415039,0.000457763671875,-0.01007080078125,-0.00396728515625
4.8899999,0.40880993008613586,-0.28790274262428284,9.876680374145508,-0.00030517578125,-0.00946044921875,-0.00396728515625
4.909999900000001,0.39564183354377747,-0.28371289372444153,9.876082420349121,-0.00030517578125,-0.0091552734375,-0.00213623046875
4.9299999,0.38726213574409485,-0.2795230448246002,9.874884605407715,0,-0.010986328125,-0.00213623046875
4.949999900000001,0.38486793637275696,-0.2753331959247589,9.874884605407715,-0.00091552734375,-0.008544921875,-0.002288818359375
4.9699999,0.3860650360584259,-0.272938996553421,9.875483512878418,-0.001373291015625,-0.005340576171875,-0.001068115234375
4.989999900000001,0.3878606855869293,-0.2735375463962555,9.875483512878418,-0.0018310546875,-0.00396728515625,-0.0006103515625
5.0099999,0.38905778527259827,-0.2753331959247589,9.874884605407715,-0.002593994140625,-0.00213623046875,-0.000762939453125
5.029999900000001,0.3878606855869293,-0.27712884545326233,9.875483512878418,-0.00335693359375,0.001678466796875,-0.000457763671875
5.0499999,0.38546648621559143,-0.27712884545326233,9.874884605407715,-0.0042724609375,0.005340576171875,0
5.069999900000001,0.3824737071990967,-0.27712884545326233,9.874286651611328,-0.0048828125,0.005950927734375,0.0006103515625
5.0899999000000005,0.38127660751342773,-0.27653029561042786,9.875483512878418,-0.003814697265625,0.00457763671875,-0.001373291015625
5.109999900000001,0.38127660751342773,-0.2777273952960968,9.877877235412598,-0.002899169921875,0.00213623046875,-0.004119873046875
5.1299999000000005,0.383670836687088,-0.27712884545326233,9.8784761428833,-0.0030517578125,-0.001678466796875,-0.00457763671875
5.1499999,0.3860650360584259,-0.27892449498176575,9.8784761428833,-0.002288818359375,-0.003662109375,-0.004425048828125
5.1699999000000005,0.3878606855869293,-0.2783259451389313,9.877877235412598,-0.001983642578125,-0.004119873046875,-0.0030517578125
5.1899999,0.3884592354297638,-0.27892449498176575,9.877877235412598,-0.000762939453125,-0.005340576171875,-0.002899169921875
5.209999900000001,0.3884592354297638,-0.27892449498176575,9.877279281616211,0.001373291015625,-0.006103515625,-0.0030517578125
5.2299999,0.3866635859012604,-0.27892449498176575,9.8784761428833,0.00762939453125,-0.00457763671875,-0.004119873046875
5.249999900000001,0.3866635859012604,-0.27892449498176575,9.877877235412598,0.007476806640625,-0.006256103515625,-0.003814697265625
5.2699999,0.3860650360584259,-0.2777273952960968,9.877877235412598,0.004425048828125,-0.008697509765625,-0.003204345703125
5.289999900000001,0.3866635859012604,-0.27712884545326233,9.875483512878418,0.00335693359375,-0.007171630859375,-0.003204345703125
5.3099999,0.38726213574409485,-0.27413609623908997,9.875483512878418,0.003204345703125,-0.00244140625,-0.002899169921875
5.329999900000001,0.3866635859012604,-0.2717418968677521,9.874884605407715,0.000762939453125,-0.002288818359375,-0.00244140625
5.3499999,0.3866635859012604,-0.2687491476535797,9.875483512878418,-0.003204345703125,-0.003509521484375,-0.002899169921875
5.369999900000001,0.3866635859012604,-0.26815059781074524,9.876680374145508,-0.006866455078125,-0.0042724609375,-0.002593994140625
5.3899999,0.3866635859012604,-0.2669534981250763,9.877877235412598,-0.00885009765625,-0.005035400390625,-0.001983642578125
5.409999900000001,0.3866635859012604,-0.2669534981250763,9.8784761428833,-0.0079345703125,-0.00274658203125,-0.001373291015625
5.4299999,0.38486793637275696,-0.2663549482822418,9.879075050354004,-0.00823974609375,-0.002593994140625,-0.001373291015625
5.449999900000001,0.3842693865299225,-0.26815059781074524,9.879075050354004,-0.008087158203125,-0.001678466796875,-0.001220703125
5.4699999,0.383670836687088,-0.26994624733924866,9.877877235412598,-0.0054931640625,-0.001220703125,-0.001983642578125
5.489999900000001,0.383670836687088,-0.27234044671058655,9.876680374145508,-0.002593994140625,-0.00152587890625,-0.00274658203125
5.5099999,0.38307225704193115,-0.27413609623908997,9.875483512878418,-0.00091552734375,-0.005035400390625,0
5.529999900000001,0.383670836687088,-0.27712884545326233,9.875483512878418,0.00030517578125,-0.007476806640625,0.004119873046875
5.5499999,0.383670836687088,-0.2795230448246002,9.876082420349121,-0.0006103515625,-0.005340576171875,-0.0006103515625
5.569999900000001,0.38546648621559143,-0.2819172441959381,9.875483512878418,-0.002288818359375,-0.0030517578125,-0.002899169921875
5.5899999000000005,0.3860650360584259,-0.2819172441959381,9.874884605407715,-0.0018310546875,-0.00213623046875,-0.00030517578125
5.609999900000001,0.38546648621559143,-0.2819172441959381,9.873088836669922,-0.00244140625,-0.002288818359375,0.000762939453125
5.6299999000000005,0.38546648621559143,-0.28072014451026917,9.872490882873535,-0.0018310546875,-0.00457763671875,0.000152587890625
5.6499999,0.383670836687088,-0.28072014451026917,9.870695114135742,-0.0018310546875,-0.00518798828125,-0.001678466796875
5.6699999000000005,0.38486793637275696,-0.28131869435310364,9.871294021606445,-0.00152587890625,-0.005035400390625,-0.0030517578125
5.6899999,0.38486793637275696,-0.28131869435310364,9.870096206665039,-0.000762939453125,-0.00579833984375,-0.002899169921875
5.709999900000001,0.38726213574409485,-0.28131869435310364,9.870695114135742,-0.000762939453125,-0.00701904296875,-0.003509521484375
5.7299999,0.38905778527259827,-0.28072014451026917,9.872490882873535,-0.00030517578125,-0.006103515625,-0.00274658203125
5.749999900000001,0.39205053448677063,-0.2801215946674347,9.874286651611328,-0.00091552734375,-0.005340576171875,-0.001983642578125
5.7699999,0.3944447338581085,-0.2795230448246002,9.8784761428833,-0.00030517578125,-0.003509521484375,-0.001983642578125
5.789999900000001,0.39624038338661194,-0.27892449498176575,9.881468772888184,0.002899169921875,-0.004425048828125,-0.00152587890625
5.8099999,0.3968389332294464,-0.2783259451389313,9.882067680358887,0.00244140625,-0.0054931640625,-0.001983642578125
5.829999900000001,0.39624038338661194,-0.27712884545326233,9.882067680358887,-0.001678466796875,-0.005035400390625,-0.002899169921875
5.8499999,0.3944447338581085,-0.27653029561042786,9.87967300415039,-0.00274658203125,-0.004119873046875,-0.00244140625
5.869999900000001,0.3932476341724396,-0.27653029561042786,9.879075050354004,-0.001678466796875,-0.00274658203125,-0.001983642578125
5.8899999,0.39145198464393616,-0.27653029561042786,9.8784761428833,-0.0006103515625,-0.002593994140625,-0.002593994140625
5.909999900000001,0.38965633511543274,-0.2783259451389313,9.877877235412598,-0.001068115234375,-0.003204345703125,-0.001983642578125
5.9299999,0.38905778527259827,-0.2783259451389313,9.879075050354004,-0.00457763671875,-0.00335693359375,-0.0018310546875
5.949999900000001,0.3884592354297638,-0.2795230448246002,9.87967300415039,-0.0067138671875,-0.00335693359375,-0.002593994140625
5.9699999,0.3866635859012604,-0.27892449498176575,9.880870819091797,-0.003662109375,-0.004119873046875,-0.003204345703125
5.989999900000001,0.3860650360584259,-0.27653029561042786,9.881468772888184,-0.0018310546875,-0.00213623046875,-0.00244140625
6.0099999,0.38307225704193115,-0.27473464608192444,9.880870819091797,-0.003204345703125,0.0018310546875,-0.00091552734375
6.029999900000001,0.3800795078277588,-0.27413609623908997,9.877877235412598,-0.00335693359375,0.003662109375,0.000457763671875
6.0499999,0.3292027413845062,-0.3124433159828186,9.874884605407715,-0.00732421875,0.009613037109375,0.008544921875
6.069999900000001,0.27653029561042786,-0.37409400939941406,9.876082420349121,-0.00457763671875,-0.001678466796875,0.013275146484375
6.0899999000000005,0.181959331035614,-0.5057750940322876,9.880870819091797,-0.0042724609375,-0.002593994140625,0.004730224609375
6.109999900000001,0.041299980133771896,-0.71766197681427,9.884461402893066,-0.00640869140625,-0.001068115234375,0.025482177734375
6.1299999000000005,-0.15263035893440247,-1.002571940422058,9.888651847839355,0.00701904296875,-0.008697509765625,0.0787353515625
6.149999900000001,-0.3663128614425659,-1.4089876413345337,9.889249801635742,0.007171630859375,-0.009307861328125,0.185089111328125
6.1699999000000005,-0.4734533727169037,-1.9369091987609863,9.889249801635742,0.015716552734375,-0.0103759765625,0.28411865234375
6.1899999,-0.3489548861980438,-2.449866771697998,9.876082420349121,0.01617431640625,-0.028228759765625,0.239105224609375
6.209999900000001,0.04010287672281265,-2.868852138519287,9.854534149169922,-0.001220703125,-0.043792724609375,0.093231201171875
6.2299999,0.6368576288223267,-2.9879636764526367,9.822212219238281,0.00244140625,-0.0250244140625,0.005035400390625
6.249999900000001,1.2814964056015015,-2.7323827743530273,9.791088104248047,-0.00274658203125,-0.007476806640625,0.023040771484375
6.2699999,1.8195933103561401,-2.2170307636260986,9.767146110534668,-0.004425048828125,0.005645751953125,0.115203857421875
6.289999900000001,2.2200236320495605,-1.5131354331970215,9.755773544311523,-0.0018310546875,0.0079345703125,0.1611328125
6.3099999,2.455852508544922,-0.8421604633331299,9.755773544311523,-0.00213623046875,0.00762939453125,0.10223388671875
6.329999900000001,2.5540146827697754,-0.2783259451389313,9.762955665588379,-0.002288818359375,0.000762939453125,0.0653076171875
6.3499999,2.5288755893707275,0.1430535465478897,9.776124000549316,0.00244140625,-0.009613037109375,0.11474609375
6.369999900000001,2.4133553504943848,0.4381389021873474,9.790489196777344,0.00244140625,-0.009613037109375,0.155792236328125
6.3899999,2.273893117904663,0.7182605266571045,9.804255485534668,0.00396728515625,-0.009613037109375,0.168914794921875
6.409999900000001,2.143409013748169,0.993593692779541,9.818022727966309,0.00732421875,-0.019073486328125,0.166778564453125
6.4299999,2.035670042037964,1.3162124156951904,9.829395294189453,0.004425048828125,-0.020599365234375,0.06317138671875
6.449999900000001,1.944091796875,1.6412252187728882,9.840168952941895,0.0042724609375,-0.0225830078125,0.0872802734375
6.4699999,1.8471266031265259,2.0171148777008057,9.855133056640625,0.00335693359375,-0.0244140625,0.067901611328125
6.489999900000001,1.7573440074920654,2.4139537811279297,9.84376049041748,-0.00152587890625,-0.022430419921875,0.059051513671875
6.5099999,1.614290475845337,2.866457939147949,9.854534149169922,0.004425048828125,-0.00518798828125,0.02960205078125
6.529999900000001,1.3563152551651,3.3692402839660645,9.858723640441895,-0.011138916015625,0.016632080078125,-0.15167236328125
6.5499999,0.7930793166160583,3.664924144744873,9.890447616577148,-0.005950927734375,-0.00335693359375,-0.153350830078125
6.569999900000001,0.0347159244120121,3.779845952987671,9.946710586547852,-0.003814697265625,-0.019683837890625,-0.266265869140625
6.5899999000000005,-0.7439981698989868,3.602674961090088,9.996390342712402,-0.0042724609375,-0.045013427734375,-0.469207763671875
6.609999900000001,-1.3437457084655762,3.2112231254577637,10.029311180114746,-0.00640869140625,-0.031890869140625,-0.48583984375
6.6299999000000005,-1.6585832834243774,2.718017578125,10.039485931396484,-0.017242431640625,0.008392333984375,-0.5633544921875
6.649999900000001,-1.935113549232483,2.1074960231781006,10.052056312561035,0.035400390625,0.038909912109375,-0.492706298828125
6.6699999000000005,-2.404975652694702,1.1037269830703735,10.029909133911133,0.138397216796875,0.0140380859375,-0.181121826171875
6.6899999,-3.0538041591644287,0.055665191262960434,10.056245803833008,-0.06378173828125,0.05340576171875,-0.24505615234375
6.709999900000001,-3.603872060775757,-1.0456676483154297,10.046070098876953,-0.140838623046875,0.016326904296875,-0.427093505859375
6.7299999,-3.8600516319274902,-1.787870168685913,10.050260543823242,-0.020599365234375,-0.006561279296875,-0.277252197265625
6.749999900000001,-3.6152446269989014,-2.0871453285217285,10.047266960144043,0.012664794921875,-0.000457763671875,-0.30059814453125
6.7699999,-3.02986216545105,-2.126051187515259,10.01075553894043,0.0506591796875,0.009307861328125,-0.27557373046875
6.789999900000001,-2.3924059867858887,-2.008735179901123,10.003573417663574,-0.009613037109375,0.01983642578125,-0.250396728515625
6.8099999,-1.7950527667999268,-1.9476830959320068,9.979631423950195,-0.048065185546875,-0.01190185546875,-0.119781494140625
6.829999900000001,-1.2360066175460815,-1.8782511949539185,9.930550575256348,0.008697509765625,-0.00518798828125,-0.0579833984375
6.8499999,-0.52552729845047,-1.9093759059906006,9.895833969116211,0.018157958984375,-0.0836181640625,0.0994873046875
6.869999900000001,0.28730419278144836,-2.1511902809143066,9.801262855529785,0.0433349609375,-0.0262451171875,0.430145263671875
6.8899999,1.1210849285125732,-2.5085248947143555,9.759963035583496,-0.096588134765625,0.09521484375,0.514373779296875
6.909999900000001,1.4838064908981323,-2.934094190597534,9.738415718078613,-0.056304931640625,0.074615478515625,0.136566162109375
6.9299999,1.3640964031219482,-3.228580951690674,9.764751434326172,0.00091552734375,-0.00457763671875,-0.258941650390625
6.949999900000001,0.882861852645874,-3.2794578075408936,9.825803756713867,-0.00946044921875,0.0054931640625,-0.214080810546875
6.9699999,0.6404489278793335,-3.1274259090423584,9.848548889160156,0.015869140625,-0.07781982421875,-0.047454833984375
6.989999900000001,0.9002198576927185,-2.8347349166870117,9.84615421295166,0.026397705078125,-0.107879638671875,0.039520263671875
7.0099999,1.6502034664154053,-2.538452386856079,9.802460670471191,0.0018310546875,-0.02349853515625,-0.026702880859375
7.029999900000001,2.38462495803833,-2.409165382385254,9.748590469360352,-0.013885498046875,0.02685546875,-0.072174072265625
7.0499999,2.8670566082000732,-2.2691047191619873,9.712079048156738,-0.00579833984375,0.01190185546875,0.039825439453125
7.069999900000001,2.9903578758239746,-2.0213048458099365,9.70549488067627,-0.0030517578125,-0.000457763671875,0.056304931640625
7.0899999000000005,2.920926094055176,-1.41257905960083,9.720458984375,0.000457763671875,-0.004425048828125,0.11810302734375
7.109999900000001,2.8227639198303223,-0.42676645517349243,9.743802070617676,0.0103759765625,-0.01251220703125,0.2642822265625
7.1299999000000005,2.646790027618408,0.6841431260108948,9.77253246307373,0.005950927734375,-0.013885498046875,0.079345703125
7.149999900000001,2.292448043823242,1.5490485429763794,9.803657531738281,-0.00762939453125,-0.004425048828125,-0.192108154296875
7.1699999000000005,1.6944962739944458,1.997362732887268,9.841964721679688,-0.006866455078125,-0.001373291015625,-0.1318359375
7.1899999,1.0283095836639404,2.01232647895813,9.873687744140625,0.0128173828125,-0.02227783203125,0.27740478515625
7.209999900000001,0.424970805644989,1.8608932495117188,9.901819229125977,0.024261474609375,-0.030975341796875,0.517120361328125
7.2299999,0.06165069341659546,1.6262614727020264,9.916783332824707,0.024261474609375,-0.0250244140625,0.51666259765625
7.249999900000001,-0.07481880486011505,1.4658499956130981,9.91977596282959,0.028533935546875,-0.01129150390625,0.308380126953125
7.2699999,-0.07302315533161163,1.256955862045288,9.915586471557617,0.0335693359375,-0.004730224609375,0.055084228515625
7.289999900000001,0.028730420395731926,0.9636662006378174,9.904213905334473,0.0189208984375,0.001373291015625,0.00335693359375
7.3099999,0.12030863761901855,0.608127236366272,9.894637107849121,-0.02166748046875,0.00732421875,0.0067138671875
7.329999900000001,0.243011474609375,0.2124854028224945,9.882067680358887,-0.04547119140625,0.001678466796875,0.0018310546875
7.3499999,0.3579331636428833,-0.10833762586116791,9.873088836669922,-0.019683837890625,0.0054931640625,0.000457763671875
7.369999900000001,0.43933600187301636,-0.3172317147254944,9.867103576660156,-0.0030517578125,0.00701904296875,0
7.3899999,0.4818331003189087,-0.4118026793003082,9.865307807922363,-0.00396728515625,0.005645751953125,-0.0030517578125
7.409999900000001,0.4920084476470947,-0.4279635548591614,9.86650562286377,-0.00457763671875,0.0048828125,-0.003662109375
7.4299999,0.4818331003189087,-0.3992331326007843,9.869498252868652,-0.00274658203125,-0.001373291015625,-0.000457763671875
7.449999900000001,0.4644751250743866,-0.35434186458587646,9.874286651611328,-0.000762939453125,-0.005950927734375,-0.001678466796875
7.4699999,0.4465186297893524,-0.31184476613998413,9.876680374145508,0.000457763671875,-0.009918212890625,-0.002593994140625
7.489999900000001,0.4345476031303406,-0.27653029561042786,9.876680374145508,-0.000457763671875,-0.009307861328125,-0.002593994140625
7.5099999,0.42676645517349243,-0.25498247146606445,9.874884605407715,-0.001220703125,-0.00701904296875,-0.0018310546875
7.529999900000001,0.424970805644989,-0.24480712413787842,9.870695114135742,-0.0018310546875,-0.00518798828125,-0.001373291015625
7.5499999,0.4273650050163269,-0.24361002445220947,9.86889934539795,-0.001983642578125,-0.0042724609375,-0.0018310546875
7.569999900000001,0.4315548539161682,-0.24660277366638184,9.867103576660156,-0.001678466796875,-0.001678466796875,-0.002899169921875
7.5899999000000005,0.4345476031303406,-0.25258827209472656,9.86770248413086,-0.002593994140625,0.00030517578125,-0.001220703125
7.609999900000001,0.436343252658844,-0.25737667083740234,9.86770248413086,-0.00335693359375,0.00091552734375,-0.00091552734375
7.6299999000000005,0.43514615297317505,-0.26156654953956604,9.870096206665039,-0.002288818359375,-0.000762939453125,-0.00152587890625
7.649999900000001,0.4339490532875061,-0.2651578485965729,9.871891975402832,-0.0018310546875,-0.00274658203125,-0.002288818359375
7.6699999000000005,0.43275195360183716,-0.2663549482822418,9.874286651611328,-0.001678466796875,-0.00396728515625,-0.002288818359375
7.6899999,0.43275195360183716,-0.2669534981250763,9.876082420349121,-0.000457763671875,-0.006103515625,-0.001983642578125
7.709999900000001,0.43335050344467163,-0.26575639843940735,9.876082420349121,0.005340576171875,-0.00701904296875,-0.0018310546875
7.7299999,0.4345476031303406,-0.26396074891090393,9.874884605407715,0.01434326171875,-0.006256103515625,-0.001068115234375
7.749999900000001,0.43514615297317505,-0.2603694200515747,9.873687744140625,0.012969970703125,-0.00732421875,-0.00213623046875
7.7699999,0.4357447028160095,-0.25677812099456787,9.873088836669922,0.01007080078125,-0.00732421875,-0.000762939453125
7.789999900000001,0.4381389021873474,-0.25438392162323,9.871891975402832,0.0103759765625,-0.008697509765625,0
7.8099999,0.4387374520301819,-0.2513911724090576,9.871294021606445,0.01068115234375,-0.009307861328125,-0.002593994140625
7.829999900000001,0.4405331015586853,-0.24899697303771973,9.870096206665039,0.006866455078125,-0.006561279296875,-0.003509521484375
7.8499999,0.44173020124435425,-0.2454056739807129,9.870096206665039,0.006103515625,-0.00640869140625,-0.00274658203125
7.869999900000001,0.4411316514015198,-0.24181437492370605,9.869498252868652,0.000152587890625,-0.0054931640625,-0.003204345703125
7.8899999,0.44173020124435425,-0.23822307586669922,9.870695114135742,-0.0048828125,-0.004730224609375,-0.002288818359375
7.909999900000001,0.44173020124435425,-0.23582886159420013,9.871294021606445,-0.00946044921875,-0.0048828125,-0.00274658203125
7.9299999,0.4429273009300232,-0.2346317619085312,9.870695114135742,-0.013885498046875,-0.00701904296875,-0.001068115234375
7.949999900000001,0.44532153010368347,-0.2346317619085312,9.870695114135742,-0.015716552734375,-0.00762939453125,0.001068115234375
7.9699999,0.4471171796321869,-0.23702596127986908,9.870096206665039,-0.0128173828125,-0.005645751953125,0.000457763671875
7.989999900000001,0.44831427931785583,-0.23822307586669922,9.870096206665039,-0.0115966796875,-0.003662109375,0
8.0099999,0.44771572947502136,-0.24241292476654053,9.870096206665039,-0.012969970703125,-0.003204345703125,0.002899169921875
8.0299999,0.4465186297893524,-0.24600422382354736,9.870695114135742,-0.008392333984375,-0.004730224609375,0.01007080078125
8.049999900000001,0.4471171796321869,-0.25438392162323,9.871294021606445,-0.000762939453125,-0.00640869140625,0.01495361328125
8.069999900000001,0.4471171796321869,-0.2603694200515747,9.870096206665039,-0.000457763671875,-0.0067138671875,0.00396728515625
8.0899999,0.45010992884635925,-0.2669534981250763,9.870096206665039,-0.00274658203125,-0.0054931640625,-0.00396728515625
8.1099999,0.4513070285320282,-0.2693476974964142,9.869498252868652,-0.002899169921875,-0.0048828125,-0.0030517578125
8.129999900000001,0.4537012279033661,-0.26815059781074524,9.86770248413086,-0.0018310546875,-0.005340576171875,-0.00244140625
8.149999900000001,0.4537012279033661,-0.2651578485965729,9.867103576660156,-0.001220703125,-0.0054931640625,-0.002593994140625
8.1699999,0.4537012279033661,-0.26396074891090393,9.86770248413086,-0.00030517578125,-0.005645751953125,-0.002899169921875
8.1899999,0.4531026780605316,-0.26096799969673157,9.868300437927246,-0.000457763671875,-0.00732421875,-0.00244140625
8.2099999,0.45250412821769714,-0.26096799969673157,9.871891975402832,-0.001220703125,-0.0079345703125,-0.002899169921875
8.229999900000001,0.45190557837486267,-0.25917232036590576,9.873088836669922,-0.000762939453125,-0.008392333984375,-0.002899169921875
8.2499999,0.45190557837486267,-0.2579752206802368,9.873088836669922,-0.0018310546875,-0.00274658203125,-0.001678466796875
8.2699999,0.45250412821769714,-0.2579752206802368,9.871891975402832,-0.002288818359375,-0.002899169921875,-0.00213623046875
8.2899999,0.4531026780605316,-0.2579752206802368,9.872490882873535,-0.001983642578125,-0.0030517578125,-0.00213623046875
8.309999900000001,0.45429977774620056,-0.2555810213088989,9.872490882873535,-0.001678466796875,-0.0048828125,-0.002288818359375
8.3299999,0.45489832758903503,-0.25438392162323,9.873687744140625,-0.00244140625,-0.003204345703125,-0.00244140625
8.3499999,0.4554968774318695,-0.2537853717803955,9.873088836669922,-0.00213623046875,-0.002899169921875,-0.0018310546875
8.3699999,0.45429977774620056,-0.25498247146606445,9.871891975402832,-0.001678466796875,-0.0030517578125,-0.00091552734375
8.389999900000001,0.4531026780605316,-0.2579752206802368,9.871294021606445,-0.00213623046875,-0.00244140625,-0.001220703125
8.4099999,0.4513070285320282,-0.26156654953956604,9.870695114135742,-0.001678466796875,-0.0030517578125,-0.001220703125
8.4299999,0.4513070285320282,-0.26396074891090393,9.871891975402832,-0.001373291015625,-0.004119873046875,-0.000152587890625
8.4499999,0.45250412821769714,-0.26575639843940735,9.872490882873535,-0.001373291015625,-0.00244140625,0
8.469999900000001,0.45250412821769714,-0.2651578485965729,9.873687744140625,-0.001373291015625,-0.00213623046875,-0.0006103515625
8.4899999,0.45489832758903503,-0.26336219906806946,9.872490882873535,-0.001678466796875,-0.00213623046875,0.000152587890625
8.5099999,0.45669397711753845,-0.25737667083740234,9.873687744140625,-0.000762939453125,-0.0048828125,0.001220703125
8.5299999,0.47824180126190186,-0.26396074891090393,9.873088836669922,0.001678466796875,-0.010833740234375,-0.000457763671875
8.549999900000001,0.5841852426528931,-0.32381579279899597,9.86111831665039,-0.001373291015625,-0.013275146484375,-0.08575439453125
8.569999900000001,0.8487445116043091,-0.3908534348011017,9.830592155456543,-0.02960205078125,0.02960205078125,-0.540008544921875
8.5899999,1.194706678390503,-0.1735796183347702,9.799467086791992,-0.1043701171875,0.15350341796875,-1.757965087890625
8.6099999,1.1893197298049927,0.4345476031303406,9.819219589233398,-0.171661376953125,0.235748291015625,-3.4765625
8.629999900000001,0.8924387097358704,1.3287819623947144,9.847352027893066,-0.153961181640625,0.119476318359375,-4.298553466796875
8.649999900000001,0.42676645517349243,2.2858641147613525,9.929951667785645,-0.159149169921875,0.127716064453125,-4.94415283203125
8.6699999,0.03172317147254944,2.454056739807129,9.962871551513672,-0.1763916015625,0.106353759765625,-5
8.6899999,0.1604115068912506,1.5017629861831665,9.928754806518555,-0.14862060546875,0.050811767578125,-4.554901123046875
8.709999900000001,0.9181763529777527,0.011971008032560349,9.856928825378418,-0.124053955078125,0.10650634765625,-3.00994873046875
8.729999900000001,1.6250643730163574,-1.4814122915267944,9.785700798034668,-0.074462890625,0.13275146484375,-1.277313232421875
8.7499999,2.1966800689697266,-2.2170307636260986,9.761159896850586,-0.0006103515625,-0.037841796875,-0.3448486328125
8.7699999,2.1296424865722656,-2.2385785579681396,9.79408073425293,0.042877197265625,-0.158843994140625,0.133819580078125
8.7899999,1.5999252796173096,-1.9129672050476074,9.818621635437012,0.02593994140625,-0.0799560546875,0.235137939453125
8.809999900000001,0.8451532125473022,-1.6573861837387085,9.82879638671875,-0.00946044921875,0.02899169921875,-0.04150390625
8.8299999,0.21428105235099792,-1.4538789987564087,9.832986831665039,-0.054168701171875,0.1708984375,-0.32562255859375
8.8499999,-0.19033902883529663,-1.1683704853057861,9.839570045471191,-0.034637451171875,0.080413818359375,-0.344390869140625
8.8699999,-0.33758243918418884,-0.7649474143981934,9.871294021606445,-0.00762939453125,-0.011444091796875,-0.119171142578125
8.889999900000001,-0.3579331636428833,-0.3794809579849243,9.914987564086914,-0.02166748046875,0.000762939453125,0.096893310546875
8.9099999,-0.29628247022628784,-0.11971008777618408,9.931148529052734,-0.15655517578125,0.06683349609375,0.294952392578125
8.9299999,-0.1173158809542656,-0.05985504388809204,9.922768592834473,-0.07080078125,0.011444091796875,0.75103759765625
8.9499999,0.028730420395731926,-0.1280897855758667,9.880271911621094,0.22674560546875,-0.14404296875,1.485137939453125
8.969999900000001,0.17417816817760468,-0.6356605291366577,9.893440246582031,0.28839111328125,-0.15716552734375,2.789154052734375
8.9899999,0.28550854325294495,-1.2210428714752197,9.85034465789795,0.68389892578125,-0.19012451171875,4.398651123046875
9.0099999,0.40043023228645325,-1.8986018896102905,9.910199165344238,0.650482177734375,-0.028839111328125,4.999847412109375
9.0299999,0.558447539806366,-2.345120668411255,9.833584785461426,0.350494384765625,0.1641845703125,4.999847412109375
9.049999900000001,0.9475052952766418,-2.074575662612915,9.836577415466309,0.112762451171875,0.018768310546875,4.6990966796875
9.069999900000001,1.4371196031570435,-1.161187767982483,9.727641105651855,-0.02960205078125,-0.013427734375,2.722015380859375
9.0899999,1.8848352432250977,0.09157821536064148,9.703699111938477,-0.164794921875,0.051422119140625,0.854644775390625
9.1099999,2.008735179901123,1.1899182796478271,9.701305389404297,-0.2447509765625,0.016326904296875,-0.0006103515625
9.129999900000001,1.8297686576843262,1.7322049140930176,9.729436874389648,-0.142669677734375,-0.000457763671875,0.038909912109375
9.149999900000001,1.3126211166381836,1.5795745849609375,9.797073364257812,-0.153961181640625,0.005950927734375,0.053558349609375
9.1699999,0.7966706156730652,1.0283095836639404,9.851541519165039,-0.136871337890625,0.007781982421875,-0.054931640625
9.1899999,0.4225766062736511,0.41359832882881165,9.893440246582031,-0.001220703125,-0.00091552734375,-0.047760009765625
9.209999900000001,0.21966800093650818,-0.07661445438861847,9.917980194091797,0.00732421875,-0.004119873046875,-0.027618408203125
9.229999900000001,0.15263035893440247,-0.37888240814208984,9.919178009033203,-0.012054443359375,-0.00274658203125,-0.029144287109375
9.2499999,0.1885433793067932,-0.5183446407318115,9.908403396606445,-0.020294189453125,-0.00274658203125,-0.02227783203125
9.2699999,0.2603694200515747,-0.5339069962501526,9.892841339111328,-0.03021240234375,-0.000762939453125,-0.046844482421875
9.2899999,0.3381809890270233,-0.4902127981185913,9.882067680358887,-0.04150390625,0.00030517578125,-0.0531005859375
9.309999900000001,0.3866635859012604,-0.41718965768814087,9.874884605407715,-0.023040771484375,-0.00396728515625,-0.068817138671875
9.3299999,0.3968389332294464,-0.3405751883983612,9.871891975402832,0.00152587890625,-0.009918212890625,-0.08575439453125
9.3499999,0.383670836687088,-0.2759317457675934,9.871294021606445,-0.001678466796875,-0.006103515625,-0.051727294921875
9.3699999,0.3621230125427246,-0.23822307586669922,9.870096206665039,-0.003509521484375,0.0006103515625,-0.01434326171875
9.389999900000001,0.345363587141037,-0.22086510062217712,9.872490882873535,-0.001373291015625,0.008392333984375,-0.0152587890625
9.4099999,0.34416648745536804,-0.22505496442317963,9.871891975402832,0.0262451171875,0.002593994140625,-0.017242431640625
9.4299999,0.34596213698387146,-0.2406172752380371,9.877279281616211,0.012664794921875,-0.001678466796875,-0.010223388671875
9.4499999,0.35254621505737305,-0.25258827209472656,9.8784761428833,0.0054931640625,-0.002288818359375,-0.004425048828125
9.469999900000001,0.35913026332855225,-0.25917232036590576,9.87967300415039,0.010986328125,-0.002593994140625,-0.001373291015625
9.4899999,0.363918662071228,-0.2603694200515747,9.8784761428833,0.007476806640625,-0.002899169921875,0.001678466796875
9.5099999,0.3705027103424072,-0.2561795711517334,9.876680374145508,0.00274658203125,-0.003662109375,0.0042724609375
9.5299999,0.375291109085083,-0.25258827209472656,9.874286651611328,-0.01678466796875,-0.0018310546875,0.00213623046875
9.549999900000001,0.3794809579849243,-0.2519897222518921,9.873088836669922,-0.019989013671875,-0.00152587890625,-0.00457763671875
9.569999900000001,0.3824737071990967,-0.2561795711517334,9.873687744140625,-0.023193359375,-0.001983642578125,-0.0048828125
9.5899999,0.38307225704193115,-0.26396074891090393,9.874286651611328,-0.019378662109375,-0.0018310546875,-0.00274658203125
9.6099999,0.38067805767059326,-0.2735375463962555,9.876082420349121,-0.00244140625,-0.002899169921875,-0.003204345703125
9.629999900000001,0.37648820877075195,-0.28072014451026917,9.876680374145508,0.009002685546875,-0.0042724609375,-0.0054931640625
9.649999900000001,0.3734954595565796,-0.284311443567276,9.876680374145508,0.016326904296875,-0.00396728515625,-0.005340576171875
9.6699999,0.36990416049957275,-0.2849099934101105,9.875483512878418,0.0152587890625,-0.00335693359375,-0.005645751953125
9.6899999,0.3693056106567383,-0.28790274262428284,9.874884605407715,0.009765625,-0.003204345703125,-0.0140380859375
9.709999900000001,0.36750996112823486,-0.284311443567276,9.876082420349121,-0.000762939453125,-0.00091552734375,-0.029296875
9.729999900000001,0.36750996112823486,-0.2867056429386139,9.876082420349121,-0.001678466796875,-0.0018310546875,-0.031280517578125
9.7499999,0.3663128614425659,-0.2819172441959381,9.8784761428833,-0.0048828125,-0.002288818359375,-0.03387451171875
9.7699999,0.3663128614425659,-0.27653029561042786,9.877279281616211,0.001983642578125,-0.002899169921875,-0.043792724609375
9.7899999,0.36990416049957275,-0.27712884545326233,9.877279281616211,0.00579833984375,-0.002288818359375,-0.05279541015625
9.809999900000001,0.37469255924224854,-0.27234044671058655,9.874286651611328,0.004425048828125,-0.002593994140625,-0.070953369140625
9.8299999,0.38067805767059326,-0.2717418968677521,9.870695114135742,-0.00732421875,-0.0018310546875,-0.079803466796875
9.8499999,0.3818751573562622,-0.26156654953956604,9.869498252868652,-0.01708984375,-0.000762939453125,-0.079498291015625
9.8699999,0.37409400939941406,-0.243011474609375,9.86770248413086,-0.01251220703125,-0.00152587890625,-0.0653076171875
9.889999900000001,0.3645172119140625,-0.22625206410884857,9.870096206665039,-0.003814697265625,-0.002593994140625,-0.029754638671875
9.9099999,0.35434186458587646,-0.21368250250816345,9.872490882873535,0.006103515625,-0.00396728515625,-0.009613037109375
9.9299999,0.35075053572654724,-0.21188685297966003,9.874884605407715,0.0048828125,-0.004425048828125,-0.0091552734375
9.9499999,0.3531447649002075,-0.22206220030784607,9.876680374145508,-0.003662109375,-0.003662109375,-0.008392333984375
9.969999900000001,0.3585317134857178,-0.23582886159420013,9.877279281616211,-0.004730224609375,-0.00335693359375,-0.008087158203125
9.9899999,0.363918662071228,-0.24779987335205078,9.879075050354004,-0.00274658203125,-0.003509521484375,-0.00823974609375
10.0099999,0.36750996112823486,-0.2561795711517334,9.880271911621094,-0.003814697265625,-0.003662109375,-0.007476806640625
10.0299999,0.36990416049957275,-0.25977087020874023,9.881468772888184,-0.001373291015625,-0.00274658203125,-0.006561279296875
10.049999900000001,0.36990416049957275,-0.2603694200515747,9.881468772888184,0.001678466796875,-0.00335693359375,-0.00640869140625
10.069999900000001,0.3687070608139038,-0.25737667083740234,9.881468772888184,0.004119873046875,-0.003509521484375,-0.00518798828125
10.0899999,0.3687070608139038,-0.25318682193756104,9.87967300415039,0.00335693359375,-0.003509521484375,-0.0042724609375
10.1099999,0.36810851097106934,-0.24899697303771973,9.879075050354004,0.000762939453125,-0.004730224609375,-0.003814697265625
10.129999900000001,0.3687070608139038,-0.2454056739807129,9.877279281616211,-0.00152587890625,-0.004119873046875,-0.00396728515625
10.149999900000001,0.3693056106567383,-0.243011474609375,9.875483512878418,-0.002288818359375,-0.003204345703125,-0.004119873046875
10.1699999,0.3693056106567383,-0.24361002445220947,9.876082420349121,-0.0042724609375,-0.002899169921875,-0.004425048828125
10.1899999,0.3693056106567383,-0.2454056739807129,9.874286651611328,-0.005035400390625,-0.003509521484375,-0.005035400390625
10.209999900000001,0.3687070608139038,-0.24779987335205078,9.874884605407715,-0.0030517578125,-0.003509521484375,-0.004730224609375
10.229999900000001,0.3687070608139038,-0.25318682193756104,9.875483512878418,0.000152587890625,-0.003814697265625,-0.00274658203125
10.2499999,0.3693056106567383,-0.2555810213088989,9.876082420349121,0.00152587890625,-0.003662109375,-0.00244140625
10.2699999,0.3693056106567383,-0.25917232036590576,9.875483512878418,0.0018310546875,-0.003204345703125,-0.003204345703125
10.2899999,0.3705027103424072,-0.25977087020874023,9.876082420349121,0.00274658203125,-0.00396728515625,-0.005035400390625
10.309999900000001,0.3711012601852417,-0.2579752206802368,9.874884605407715,0.00396728515625,-0.00335693359375,-0.00823974609375
10.3299999,0.3705027103424072,-0.25318682193756104,9.875483512878418,0.0018310546875,-0.003509521484375,-0.00732421875
10.3499999,0.3705027103424072,-0.2472013235092163,9.875483512878418,-0.001220703125,-0.004119873046875,-0.006866455078125
10.3699999,0.3705027103424072,-0.24181437492370605,9.876082420349121,-0.000457763671875,-0.0042724609375,-0.007171630859375
10.389999900000001,0.3711012601852417,-0.2388216257095337,9.874286651611328,0.004119873046875,-0.003509521484375,-0.008087158203125
10.4099999,0.37169981002807617,-0.23762452602386475,9.872490882873535,0.00274658203125,-0.00274658203125,-0.005645751953125
10.4299999,0.3728969097137451,-0.23762452602386475,9.872490882873535,-0.00244140625,-0.003509521484375,-0.002288818359375
10.4499999,0.375291109085083,-0.23822307586669922,9.871891975402832,0.000457763671875,-0.003814697265625,-0.003814697265625
10.469999900000001,0.37648820877075195,-0.23822307586669922,9.872490882873535,0.00213623046875,-0.005035400390625,-0.00457763671875
10.4899999,0.3758896589279175,-0.23942017555236816,9.874286651611328,0.00091552734375,-0.004119873046875,-0.003204345703125
10.5099999,0.37469255924224854,-0.2406172752380371,9.874286651611328,0.00152587890625,-0.003509521484375,-0.002593994140625
10.5299999,0.3728969097137451,-0.24001872539520264,9.876680374145508,0.0006103515625,-0.004119873046875,-0.00335693359375
10.549999900000001,0.37169981002807617,-0.2388216257095337,9.877877235412598,-0.001373291015625,-0.003509521484375,-0.0042724609375
10.569999900000001,0.37169981002807617,-0.23702596127986908,9.879075050354004,-0.00579833984375,-0.003814697265625,-0.003204345703125
10.5899999,0.37169981002807617,-0.2346317619085312,9.8784761428833,-0.00335693359375,-0.004425048828125,-0.003814697265625
10.6099999,0.37169981002807617,-0.23523031175136566,9.877877235412598,-0.000152587890625,-0.0042724609375,-0.0030517578125
10.629999900000001,0.3705027103424072,-0.2346317619085312,9.875483512878418,-0.000762939453125,-0.003204345703125,-0.003662109375
10.649999900000001,0.36990416049957275,-0.2364274114370346,9.873687744140625,-0.002593994140625,-0.002899169921875,-0.003662109375
10.6699999,0.3693056106567383,-0.23822307586669922,9.874286651611328,-0.00335693359375,-0.003204345703125,-0.004425048828125
10.6899999,0.36990416049957275,-0.2388216257095337,9.875483512878418,-0.001068115234375,-0.003662109375,-0.006866455078125
10.709999900000001,0.3711012601852417,-0.23942017555236816,9.876680374145508,0.00244140625,-0.0042724609375,-0.005950927734375
