Time (seconds), Duration (seconds),pred_unlabelled,pred_left,pred_square,pred_circle,pred_right
0.01000,0.98000,0.95636,0.03304,0.00117,0.00694,0.00249
0.21000,0.98000,0.95704,0.03247,0.00117,0.00684,0.00248
0.41000,0.98000,0.95691,0.03251,0.00121,0.00693,0.00244
0.61000,0.98000,0.85171,0.12955,0.00549,0.00732,0.00592
0.81000,0.98000,0.27232,0.70322,0.00801,0.00803,0.00843
1.01000,0.98000,0.01618,0.97382,0.00438,0.00244,0.00318
1.21000,0.98000,0.00397,0.99057,0.00286,0.00086,0.00174
1.41000,0.98000,0.00184,0.99485,0.00119,0.00061,0.00150
1.61000,0.98000,0.00772,0.98510,0.00096,0.00200,0.00421
1.81000,0.98000,0.94868,0.03323,0.00197,0.00303,0.01309
2.01000,0.98000,0.99358,0.00256,0.00083,0.00178,0.00125
2.21000,0.98000,0.98634,0.00508,0.00103,0.00578,0.00178
2.41000,0.98000,0.98701,0.00495,0.00097,0.00542,0.00165
2.61000,0.98000,0.98673,0.00530,0.00096,0.00536,0.00165
2.81000,0.98000,0.98655,0.00551,0.00096,0.00532,0.00166
3.01000,0.98000,0.98085,0.00736,0.00179,0.00818,0.00182
3.21000,0.98000,0.97107,0.00991,0.00671,0.00997,0.00234
3.41000,0.98000,0.49806,0.01779,0.42311,0.05299,0.00805
3.61000,0.98000,0.00037,0.00078,0.99146,0.00547,0.00192
3.81000,0.98000,0.00015,0.00045,0.99790,0.00064,0.00086
4.01000,0.98000,0.00008,0.00021,0.99799,0.00079,0.00093
4.21000,0.98000,0.00027,0.00046,0.99786,0.00066,0.00075
4.41000,0.98000,0.00366,0.00355,0.98829,0.00215,0.00234
4.61000,0.98000,0.97751,0.00530,0.01102,0.00104,0.00512
4.81000,0.98000,0.97442,0.01713,0.00053,0.00687,0.00106
5.01000,0.98000,0.99173,0.00444,0.00025,0.00297,0.00061
5.21000,0.98000,0.96397,0.02631,0.00108,0.00647,0.00217
5.41000,0.98000,0.95239,0.03630,0.00123,0.00756,0.00253
5.61000,0.98000,0.95212,0.03665,0.00120,0.00758,0.00246
5.81000,0.98000,0.95166,0.03698,0.00127,0.00750,0.00258
6.01000,0.98000,0.93606,0.04890,0.00176,0.01088,0.00240
6.21000,0.98000,0.92038,0.04555,0.00226,0.02965,0.00216
6.41000,0.98000,0.25349,0.03187,0.01252,0.69914,0.00298
6.61000,0.98000,0.00440,0.00285,0.00475,0.98748,0.00051
6.81000,0.98000,0.00105,0.00109,0.00176,0.99586,0.00024
7.01000,0.98000,0.00093,0.00069,0.00158,0.99655,0.00026
7.21000,0.98000,0.00855,0.00085,0.00170,0.98847,0.00043
7.41000,0.98000,0.86175,0.00286,0.00115,0.13030,0.00394
7.61000,0.98000,0.98927,0.00276,0.00024,0.00708,0.00065
7.81000,0.98000,0.98888,0.00275,0.00124,0.00563,0.00151
8.01000,0.98000,0.99176,0.00468,0.00049,0.00210,0.00097
8.21000,0.98000,0.96834,0.02167,0.00121,0.00667,0.00211
8.41000,0.98000,0.96488,0.02434,0.00114,0.00744,0.00221
8.61000,0.98000,0.97294,0.01675,0.00102,0.00720,0.00209
8.81000,0.98000,0.96734,0.01800,0.00129,0.00657,0.00681
9.01000,0.98000,0.93839,0.00999,0.00217,0.00859,0.04085
9.21000,0.98000,0.15505,0.01458,0.00591,0.00589,0.81857
9.41000,0.98000,0.00281,0.00215,0.00475,0.00076,0.98952
9.61000,0.98000,0.00352,0.00209,0.00355,0.00024,0.99059
9.81000,0.98000,0.01616,0.00719,0.00452,0.00049,0.97164
10.01000,0.98000,0.94652,0.04614,0.00054,0.00324,0.00357
10.21000,0.98000,0.96287,0.02948,0.00126,0.00445,0.00194
10.41000,0.98000,0.93834,0.04851,0.00170,0.00798,0.00346
10.61000,0.98000,0.93687,0.04993,0.00170,0.00801,0.00349
10.81000,0.98000,0.93666,0.05006,0.00173,0.00806,0.00349
11.01000,0.98000,0.93635,0.05032,0.00171,0.00812,0.00351
11.21000,0.98000,0.93753,0.04932,0.00170,0.00799,0.00346
11.41000,0.98000,0.93613,0.05063,0.00171,0.00805,0.00349
11.61000,0.98000,0.93637,0.05033,0.00173,0.00808,0.00350
11.81000,0.98000,0.79773,0.18154,0.00463,0.00859,0.00751
12.01000,0.98000,0.21198,0.76737,0.00700,0.00659,0.00706
12.21000,0.98000,0.01570,0.97630,0.00355,0.00181,0.00264
12.41000,0.98000,0.00182,0.99449,0.00165,0.00066,0.00138
12.61000,0.98000,0.00156,0.99469,0.00100,0.00056,0.00218
12.81000,0.98000,0.01167,0.97774,0.00146,0.00169,0.00744
13.01000,0.98000,0.97524,0.01534,0.00155,0.00174,0.00613
13.21000,0.98000,0.97934,0.01490,0.00098,0.00280,0.00197
13.41000,0.98000,0.94330,0.04478,0.00149,0.00712,0.00331
13.61000,0.98000,0.94222,0.04588,0.00141,0.00715,0.00334
13.81000,0.98000,0.94352,0.04493,0.00143,0.00678,0.00333
14.01000,0.98000,0.95650,0.03332,0.00135,0.00574,0.00308
14.21000,0.98000,0.95685,0.03283,0.00148,0.00558,0.00325
14.41000,0.98000,0.94871,0.03867,0.00209,0.00776,0.00277
14.61000,0.98000,0.93724,0.04279,0.00993,0.00663,0.00341
14.81000,0.98000,0.38169,0.04898,0.53162,0.02563,0.01208
15.01000,0.98000,0.00045,0.00121,0.99335,0.00323,0.00176
15.21000,0.98000,0.00007,0.00028,0.99846,0.00060,0.00059
15.41000,0.98000,0.00006,0.00018,0.99827,0.00072,0.00077
15.61000,0.98000,0.00047,0.00064,0.99649,0.00082,0.00159
15.81000,0.98000,0.00070,0.00046,0.99624,0.00123,0.00137
16.01000,0.98000,0.34552,0.02789,0.60713,0.01435,0.00511
16.21000,0.98000,0.99445,0.00286,0.00018,0.00209,0.00042
16.41000,0.98000,0.99051,0.00403,0.00031,0.00461,0.00054
16.61000,0.98000,0.99408,0.00330,0.00019,0.00184,0.00059
16.81000,0.98000,0.95297,0.03590,0.00113,0.00761,0.00239
17.01000,0.98000,0.95191,0.03697,0.00118,0.00741,0.00253
17.21000,0.98000,0.95478,0.03432,0.00124,0.00711,0.00254
17.41000,0.98000,0.95111,0.03767,0.00124,0.00737,0.00261
17.61000,0.98000,0.94189,0.04094,0.00221,0.01293,0.00203
17.81000,0.98000,0.86361,0.05153,0.00386,0.07866,0.00233
18.01000,0.98000,0.04720,0.01092,0.01013,0.93014,0.00161
18.21000,0.98000,0.00204,0.00115,0.00299,0.99351,0.00031
18.41000,0.98000,0.00218,0.00109,0.00134,0.99499,0.00040
18.61000,0.98000,0.00159,0.00063,0.00132,0.99627,0.00019
18.81000,0.98000,0.19346,0.00679,0.00105,0.79591,0.00279
19.01000,0.98000,0.96145,0.00659,0.00018,0.03066,0.00111
19.21000,0.98000,0.98632,0.00406,0.00025,0.00875,0.00062
19.41000,0.98000,0.99481,0.00224,0.00024,0.00218,0.00053
19.61000,0.98000,0.97742,0.01511,0.00119,0.00399,0.00230
19.81000,0.98000,0.93934,0.04812,0.00168,0.00729,0.00358
20.01000,0.98000,0.94266,0.04515,0.00166,0.00704,0.00348
20.21000,0.98000,0.94607,0.04198,0.00156,0.00682,0.00357
20.41000,0.98000,0.92123,0.04733,0.00200,0.00503,0.02440
20.61000,0.98000,0.60165,0.05069,0.00881,0.00545,0.33340
20.81000,0.98000,0.01665,0.01276,0.00700,0.00108,0.96251
21.01000,0.98000,0.00252,0.00235,0.00316,0.00026,0.99170
21.21000,0.98000,0.00954,0.00300,0.00396,0.00035,0.98315
21.41000,0.98000,0.03413,0.00839,0.00603,0.00105,0.95040
21.61000,0.98000,0.99003,0.00613,0.00051,0.00270,0.00064
21.81000,0.98000,0.97948,0.00469,0.00218,0.01055,0.00310
22.01000,0.98000,0.98202,0.00450,0.00183,0.00865,0.00300
22.21000,0.98000,0.98239,0.00440,0.00177,0.00863,0.00281
