Time (seconds), Duration (seconds),pred_unlabelled,pred_left,pred_square,pred_circle,pred_right
0.01000,0.98000,0.96040,0.01634,0.00224,0.01423,0.00678
0.21000,0.98000,0.95832,0.01804,0.00236,0.01439,0.00690
0.41000,0.98000,0.95683,0.02008,0.00244,0.01374,0.00691
0.61000,0.98000,0.95497,0.02168,0.00260,0.01385,0.00690
0.81000,0.98000,0.85641,0.10682,0.00790,0.01325,0.01562
1.01000,0.98000,0.44220,0.51049,0.01082,0.00661,0.02987
1.21000,0.98000,0.07584,0.90029,0.00537,0.00200,0.01650
1.41000,0.98000,0.00531,0.99006,0.00176,0.00009,0.00278
1.61000,0.98000,0.01231,0.97276,0.00067,0.00023,0.01403
1.81000,0.98000,0.02952,0.96774,0.00140,0.00014,0.00120
2.01000,0.98000,0.91085,0.07235,0.00170,0.00193,0.01318
2.21000,0.98000,0.97074,0.02712,0.00066,0.00078,0.00070
2.41000,0.98000,0.94215,0.04794,0.00226,0.00400,0.00365
2.61000,0.98000,0.94372,0.04640,0.00220,0.00399,0.00370
2.81000,0.98000,0.94522,0.04402,0.00227,0.00457,0.00393
3.01000,0.98000,0.94712,0.03974,0.00321,0.00606,0.00387
3.21000,0.98000,0.93670,0.02401,0.02130,0.01353,0.00447
3.41000,0.98000,0.08441,0.01164,0.88013,0.01567,0.00815
3.61000,0.98000,0.00316,0.00080,0.99238,0.00245,0.00121
3.81000,0.98000,0.00130,0.00033,0.99730,0.00032,0.00075
4.01000,0.98000,0.00210,0.00054,0.99631,0.00022,0.00084
4.21000,0.98000,0.00094,0.00075,0.99731,0.00037,0.00064
4.41000,0.98000,0.00187,0.00060,0.99629,0.00040,0.00083
4.61000,0.98000,0.92300,0.04490,0.02970,0.00066,0.00175
4.81000,0.98000,0.98513,0.01043,0.00255,0.00107,0.00082
5.01000,0.98000,0.97208,0.02374,0.00140,0.00199,0.00079
5.21000,0.98000,0.94857,0.04273,0.00206,0.00338,0.00325
5.41000,0.98000,0.94616,0.04229,0.00229,0.00514,0.00412
5.61000,0.98000,0.94675,0.04120,0.00236,0.00535,0.00435
5.81000,0.98000,0.93873,0.02739,0.00467,0.02340,0.00581
6.01000,0.98000,0.22588,0.01274,0.01486,0.73690,0.00963
6.21000,0.98000,0.01161,0.00097,0.00298,0.98172,0.00272
6.41000,0.98000,0.00385,0.00018,0.00077,0.99436,0.00084
6.61000,0.98000,0.00618,0.00036,0.00057,0.99150,0.00139
6.81000,0.98000,0.00530,0.00041,0.00105,0.99093,0.00232
7.01000,0.98000,0.69757,0.00346,0.01198,0.27710,0.00990
7.21000,0.98000,0.98512,0.00623,0.00040,0.00381,0.00444
7.41000,0.98000,0.97020,0.01410,0.00095,0.00783,0.00691
7.61000,0.98000,0.97358,0.02121,0.00084,0.00220,0.00217
7.81000,0.98000,0.94758,0.04095,0.00212,0.00539,0.00396
8.01000,0.98000,0.94675,0.04204,0.00214,0.00513,0.00394
8.21000,0.98000,0.89404,0.07896,0.00368,0.00618,0.01715
8.41000,0.98000,0.74094,0.10957,0.00379,0.01855,0.12715
8.61000,0.98000,0.02181,0.00652,0.00232,0.00634,0.96300
8.81000,0.98000,0.00182,0.00086,0.00048,0.00147,0.99538
9.01000,0.98000,0.00415,0.00109,0.00064,0.00405,0.99007
9.21000,0.98000,0.02765,0.03678,0.00858,0.00609,0.92090
9.41000,0.98000,0.90132,0.09496,0.00142,0.00097,0.00132
9.61000,0.98000,0.94759,0.04517,0.00177,0.00272,0.00275
9.81000,0.98000,0.95021,0.03950,0.00195,0.00471,0.00365
10.01000,0.98000,0.95000,0.03929,0.00196,0.00502,0.00373
10.21000,0.98000,0.94875,0.03934,0.00209,0.00580,0.00402
10.41000,0.98000,0.94897,0.03931,0.00207,0.00568,0.00398
10.61000,0.98000,0.63506,0.34100,0.00669,0.00425,0.01301
10.81000,0.98000,0.06306,0.92268,0.00519,0.00116,0.00790
11.01000,0.98000,0.01370,0.97938,0.00237,0.00017,0.00437
11.21000,0.98000,0.00206,0.99579,0.00062,0.00005,0.00148
11.41000,0.98000,0.05493,0.93936,0.00132,0.00058,0.00381
11.61000,0.98000,0.82664,0.11712,0.00757,0.00118,0.04750
11.81000,0.98000,0.97974,0.01840,0.00063,0.00045,0.00078
12.01000,0.98000,0.96467,0.02837,0.00145,0.00293,0.00257
12.21000,0.98000,0.94583,0.04170,0.00242,0.00567,0.00438
12.41000,0.98000,0.94627,0.04137,0.00237,0.00568,0.00432
12.61000,0.98000,0.95641,0.02535,0.00652,0.00783,0.00389
12.81000,0.98000,0.71294,0.02498,0.22317,0.02982,0.00908
13.01000,0.98000,0.03271,0.00267,0.94746,0.01321,0.00395
13.21000,0.98000,0.00295,0.00043,0.99282,0.00250,0.00130
13.41000,0.98000,0.00285,0.00054,0.99527,0.00042,0.00092
13.61000,0.98000,0.00232,0.00061,0.99601,0.00046,0.00059
13.81000,0.98000,0.00068,0.00039,0.99800,0.00042,0.00052
14.01000,0.98000,0.00571,0.00059,0.99244,0.00083,0.00044
14.21000,0.98000,0.97100,0.02160,0.00508,0.00092,0.00140
14.41000,0.98000,0.97651,0.01652,0.00386,0.00238,0.00073
14.61000,0.98000,0.98511,0.01161,0.00073,0.00177,0.00079
14.81000,0.98000,0.94881,0.03874,0.00221,0.00594,0.00430
15.01000,0.98000,0.94953,0.03817,0.00203,0.00619,0.00407
15.21000,0.98000,0.95710,0.02730,0.00320,0.00872,0.00369
15.41000,0.98000,0.68177,0.02405,0.01708,0.26949,0.00761
15.61000,0.98000,0.02662,0.00169,0.00540,0.96343,0.00286
15.81000,0.98000,0.00315,0.00020,0.00125,0.99434,0.00106
16.01000,0.98000,0.00753,0.00036,0.00056,0.98984,0.00171
16.21000,0.98000,0.00381,0.00022,0.00044,0.99396,0.00156
16.41000,0.98000,0.73902,0.00397,0.00533,0.24490,0.00678
16.61000,0.98000,0.98835,0.00419,0.00035,0.00362,0.00349
16.81000,0.98000,0.95500,0.01424,0.00193,0.01961,0.00922
17.01000,0.98000,0.96858,0.01818,0.00168,0.00721,0.00435
17.21000,0.98000,0.97366,0.01969,0.00104,0.00304,0.00256
17.41000,0.98000,0.95359,0.03384,0.00184,0.00655,0.00417
17.61000,0.98000,0.95218,0.03463,0.00189,0.00695,0.00435
17.81000,0.98000,0.90879,0.05985,0.00385,0.00975,0.01776
18.01000,0.98000,0.68270,0.06965,0.00531,0.03903,0.20331
18.21000,0.98000,0.02236,0.00647,0.00365,0.01330,0.95421
18.41000,0.98000,0.00152,0.00071,0.00115,0.00303,0.99359
18.61000,0.98000,0.00547,0.00178,0.00058,0.00156,0.99061
18.81000,0.98000,0.14825,0.66690,0.00700,0.00219,0.17566
19.01000,0.98000,0.87654,0.12010,0.00193,0.00059,0.00085
19.21000,0.98000,0.95694,0.03732,0.00137,0.00209,0.00228
19.41000,0.98000,0.94861,0.03854,0.00222,0.00628,0.00435
19.61000,0.98000,0.94862,0.03912,0.00216,0.00592,0.00419
