Time (seconds), Duration (seconds),pred_unlabelled,pred_left,pred_square,pred_circle,pred_right
0.01000,0.98000,0.96373,0.03089,0.00129,0.00195,0.00214
0.21000,0.98000,0.96358,0.03105,0.00130,0.00195,0.00212
0.41000,0.98000,0.95848,0.03600,0.00126,0.00204,0.00222
0.61000,0.98000,0.75402,0.23877,0.00170,0.00341,0.00209
0.81000,0.98000,0.73311,0.26120,0.00016,0.00020,0.00534
1.01000,0.98000,0.02650,0.97326,0.00001,0.00001,0.00021
1.21000,0.98000,0.00871,0.99115,0.00000,0.00001,0.00013
1.41000,0.98000,0.00073,0.99917,0.00000,0.00000,0.00010
1.61000,0.98000,0.00855,0.99137,0.00000,0.00005,0.00004
1.81000,0.98000,0.64476,0.35356,0.00007,0.00045,0.00116
2.01000,0.98000,0.95716,0.03486,0.00058,0.00350,0.00390
2.21000,0.98000,0.94755,0.04496,0.00182,0.00253,0.00314
2.41000,0.98000,0.96324,0.03105,0.00144,0.00208,0.00219
2.61000,0.98000,0.96160,0.03281,0.00137,0.00206,0.00217
2.81000,0.98000,0.96004,0.03449,0.00130,0.00202,0.00216
3.01000,0.98000,0.95782,0.03664,0.00126,0.00206,0.00222
3.21000,0.98000,0.95617,0.03050,0.00533,0.00375,0.00426
3.41000,0.98000,0.97829,0.00636,0.01156,0.00291,0.00087
3.61000,0.98000,0.02426,0.00212,0.97139,0.00097,0.00126
3.81000,0.98000,0.00751,0.00011,0.99213,0.00006,0.00019
4.01000,0.98000,0.00081,0.00001,0.99914,0.00001,0.00003
4.21000,0.98000,0.00011,0.00000,0.99987,0.00001,0.00001
4.41000,0.98000,0.00020,0.00001,0.99978,0.00001,0.00001
4.61000,0.98000,0.05170,0.00036,0.94334,0.00098,0.00363
4.81000,0.98000,0.94846,0.00180,0.04324,0.00379,0.00271
5.01000,0.98000,0.99079,0.00299,0.00441,0.00085,0.00096
5.21000,0.98000,0.99406,0.00164,0.00140,0.00062,0.00228
5.41000,0.98000,0.97200,0.02477,0.00058,0.00122,0.00143
5.61000,0.98000,0.95254,0.04182,0.00107,0.00213,0.00244
5.81000,0.98000,0.95216,0.04227,0.00109,0.00208,0.00240
6.01000,0.98000,0.95363,0.04089,0.00108,0.00205,0.00235
6.21000,0.98000,0.97783,0.01532,0.00173,0.00338,0.00173
6.41000,0.98000,0.89177,0.00546,0.01138,0.08438,0.00701
6.61000,0.98000,0.00388,0.00032,0.00032,0.99542,0.00006
6.81000,0.98000,0.00129,0.00003,0.00027,0.99838,0.00003
7.01000,0.98000,0.00014,0.00002,0.00006,0.99978,0.00001
7.21000,0.98000,0.00089,0.00002,0.00019,0.99882,0.00008
7.41000,0.98000,0.81363,0.00110,0.00308,0.17643,0.00575
7.61000,0.98000,0.98933,0.00101,0.00051,0.00808,0.00108
7.81000,0.98000,0.99361,0.00342,0.00069,0.00097,0.00131
8.01000,0.98000,0.98682,0.01079,0.00055,0.00071,0.00113
8.21000,0.98000,0.95510,0.03989,0.00093,0.00182,0.00226
8.41000,0.98000,0.95443,0.04010,0.00103,0.00204,0.00240
8.61000,0.98000,0.95113,0.04321,0.00110,0.00211,0.00245
8.81000,0.98000,0.97190,0.02339,0.00102,0.00173,0.00197
9.01000,0.98000,0.97616,0.01684,0.00051,0.00067,0.00582
9.21000,0.98000,0.71886,0.00304,0.00039,0.00010,0.27760
9.41000,0.98000,0.00899,0.00007,0.00004,0.00004,0.99086
9.61000,0.98000,0.00432,0.00013,0.00001,0.00004,0.99551
9.81000,0.98000,0.01035,0.00004,0.00001,0.00001,0.98959
10.01000,0.98000,0.82456,0.03272,0.00017,0.00072,0.14184
10.21000,0.98000,0.97888,0.01655,0.00053,0.00076,0.00327
10.41000,0.98000,0.95524,0.03913,0.00119,0.00209,0.00235
10.61000,0.98000,0.95540,0.03909,0.00118,0.00205,0.00228
10.81000,0.98000,0.95542,0.03900,0.00119,0.00208,0.00232
11.01000,0.98000,0.95556,0.03890,0.00117,0.00205,0.00232
11.21000,0.98000,0.95559,0.03899,0.00115,0.00199,0.00228
11.41000,0.98000,0.94523,0.05317,0.00011,0.00015,0.00133
11.61000,0.98000,0.56919,0.42398,0.00004,0.00040,0.00638
11.81000,0.98000,0.10240,0.89730,0.00000,0.00002,0.00028
12.01000,0.98000,0.00174,0.99811,0.00000,0.00001,0.00014
12.21000,0.98000,0.01369,0.98565,0.00000,0.00001,0.00065
12.41000,0.98000,0.09883,0.89950,0.00010,0.00021,0.00136
12.61000,0.98000,0.87065,0.12820,0.00006,0.00009,0.00100
12.81000,0.98000,0.93683,0.05674,0.00262,0.00129,0.00251
13.01000,0.98000,0.95611,0.03765,0.00163,0.00222,0.00240
13.21000,0.98000,0.96478,0.02948,0.00151,0.00208,0.00215
13.41000,0.98000,0.96563,0.02856,0.00155,0.00215,0.00212
13.61000,0.98000,0.96634,0.02783,0.00154,0.00216,0.00212
13.81000,0.98000,0.92442,0.02812,0.02753,0.01435,0.00558
14.01000,0.98000,0.98298,0.00410,0.00991,0.00163,0.00139
14.21000,0.98000,0.00863,0.00015,0.99066,0.00015,0.00041
14.41000,0.98000,0.00127,0.00005,0.99858,0.00006,0.00004
14.61000,0.98000,0.00000,0.00000,0.99999,0.00000,0.00000
14.81000,0.98000,0.00008,0.00000,0.99986,0.00000,0.00005
15.01000,0.98000,0.00004,0.00001,0.99983,0.00004,0.00008
15.21000,0.98000,0.05247,0.00007,0.94532,0.00051,0.00162
15.41000,0.98000,0.93831,0.00086,0.05608,0.00237,0.00239
15.61000,0.98000,0.97878,0.00143,0.01724,0.00049,0.00205
15.81000,0.98000,0.99690,0.00060,0.00092,0.00020,0.00138
16.01000,0.98000,0.96891,0.02535,0.00200,0.00175,0.00199
16.21000,0.98000,0.97219,0.02265,0.00141,0.00176,0.00199
16.41000,0.98000,0.97143,0.02323,0.00147,0.00192,0.00195
16.61000,0.98000,0.96386,0.02066,0.00544,0.00556,0.00447
16.81000,0.98000,0.95084,0.00660,0.01096,0.02869,0.00291
17.01000,0.98000,0.12280,0.00431,0.00569,0.86475,0.00246
17.21000,0.98000,0.00744,0.00010,0.00195,0.99002,0.00050
17.41000,0.98000,0.00106,0.00004,0.00044,0.99838,0.00008
17.61000,0.98000,0.00057,0.00007,0.00037,0.99893,0.00006
17.81000,0.98000,0.00249,0.00005,0.00022,0.99717,0.00007
18.01000,0.98000,0.24807,0.00125,0.00190,0.74727,0.00151
18.21000,0.98000,0.97048,0.00132,0.00142,0.02509,0.00169
18.41000,0.98000,0.99232,0.00286,0.00211,0.00106,0.00165
18.61000,0.98000,0.98988,0.00748,0.00085,0.00089,0.00091
18.81000,0.98000,0.96785,0.02651,0.00137,0.00202,0.00226
19.01000,0.98000,0.96471,0.02947,0.00146,0.00209,0.00227
19.21000,0.98000,0.96208,0.03239,0.00132,0.00200,0.00221
19.41000,0.98000,0.97961,0.01939,0.00034,0.00029,0.00038
19.61000,0.98000,0.95667,0.00680,0.00081,0.00094,0.03478
19.81000,0.98000,0.16051,0.00471,0.00106,0.00021,0.83351
20.01000,0.98000,0.00193,0.00017,0.00001,0.00002,0.99787
20.21000,0.98000,0.00088,0.00001,0.00000,0.00000,0.99910
20.41000,0.98000,0.00606,0.00021,0.00002,0.00001,0.99370
20.61000,0.98000,0.56437,0.10584,0.00102,0.00213,0.32663
20.81000,0.98000,0.97461,0.01788,0.00141,0.00101,0.00509
21.01000,0.98000,0.96408,0.03025,0.00144,0.00204,0.00219
21.21000,0.98000,0.96607,0.02848,0.00137,0.00199,0.00209
21.41000,0.98000,0.96620,0.02842,0.00136,0.00194,0.00208
