Time (seconds), Duration (seconds),pred_unlabelled,pred_click,pred_right,pred_left
0.01515,0.96970,0.99894,0.00039,0.00062,0.00005
0.10606,0.96970,0.99894,0.00039,0.00062,0.00005
0.19697,0.96970,0.99894,0.00039,0.00062,0.00005
0.28788,0.96970,0.99894,0.00039,0.00062,0.00005
0.37879,0.96970,0.99894,0.00039,0.00062,0.00005
0.46970,0.96970,0.99884,0.00044,0.00066,0.00006
0.56061,0.96970,0.98594,0.01236,0.00077,0.00094
0.65152,0.96970,0.58246,0.41060,0.00088,0.00606
0.74242,0.96970,0.56100,0.41958,0.00100,0.01842
0.83333,0.96970,0.04247,0.95691,0.00011,0.00051
0.92424,0.96970,0.02858,0.97088,0.00007,0.00048
1.01515,0.96970,0.01535,0.98448,0.00003,0.00014
1.10606,0.96970,0.01272,0.98714,0.00005,0.00010
1.19697,0.96970,0.00777,0.99219,0.00002,0.00002
1.28788,0.96970,0.02314,0.97672,0.00010,0.00004
1.37879,0.96970,0.04648,0.95335,0.00012,0.00006
1.46970,0.96970,0.34005,0.65912,0.00062,0.00022
1.56061,0.96970,0.81672,0.18256,0.00048,0.00023
1.65152,0.96970,0.99125,0.00805,0.00057,0.00013
1.74242,0.96970,0.99762,0.00173,0.00055,0.00009
1.83333,0.96970,0.99915,0.00024,0.00055,0.00006
1.92424,0.96970,0.99894,0.00039,0.00062,0.00005
2.01515,0.96970,0.99894,0.00039,0.00062,0.00005
2.10606,0.96970,0.99894,0.00039,0.00062,0.00005
2.19697,0.96970,0.99894,0.00039,0.00062,0.00005
2.28788,0.96970,0.99894,0.00039,0.00062,0.00005
2.37879,0.96970,0.99894,0.00039,0.00062,0.00005
2.46970,0.96970,0.99894,0.00039,0.00062,0.00005
2.56061,0.96970,0.99894,0.00039,0.00062,0.00005
2.65152,0.96970,0.99894,0.00039,0.00062,0.00005
2.74242,0.96970,0.99894,0.00039,0.00062,0.00005
2.83333,0.96970,0.99529,0.00366,0.00081,0.00025
2.92424,0.96970,0.61760,0.37591,0.00081,0.00568
3.01515,0.96970,0.47966,0.51576,0.00071,0.00387
3.10606,0.96970,0.09355,0.90542,0.00020,0.00084
3.19697,0.96970,0.03354,0.96598,0.00007,0.00041
3.28788,0.96970,0.01743,0.98232,0.00003,0.00022
3.37879,0.96970,0.00702,0.99294,0.00001,0.00004
3.46970,0.96970,0.00562,0.99435,0.00001,0.00002
3.56061,0.96970,0.01117,0.98878,0.00002,0.00003
3.65152,0.96970,0.01219,0.98776,0.00003,0.00002
3.74242,0.96970,0.02248,0.97745,0.00005,0.00003
3.83333,0.96970,0.06033,0.93943,0.00016,0.00008
3.92424,0.96970,0.45814,0.54124,0.00041,0.00021
4.01515,0.96970,0.98668,0.01266,0.00056,0.00010
4.10606,0.96970,0.99140,0.00815,0.00036,0.00009
4.19697,0.96970,0.99864,0.00060,0.00066,0.00010
4.28788,0.96970,0.99900,0.00037,0.00057,0.00006
4.37879,0.96970,0.99894,0.00039,0.00062,0.00005
4.46970,0.96970,0.99894,0.00039,0.00062,0.00005
4.56061,0.96970,0.99894,0.00039,0.00062,0.00005
4.65152,0.96970,0.99894,0.00039,0.00062,0.00005
4.74242,0.96970,0.99894,0.00039,0.00062,0.00005
4.83333,0.96970,0.99894,0.00039,0.00062,0.00005
4.92424,0.96970,0.99894,0.00039,0.00062,0.00005
5.01515,0.96970,0.99894,0.00039,0.00062,0.00005
5.10606,0.96970,0.99894,0.00039,0.00062,0.00005
5.19697,0.96970,0.99894,0.00039,0.00062,0.00005
5.28788,0.96970,0.99894,0.00039,0.00062,0.00005
5.37879,0.96970,0.99894,0.00039,0.00062,0.00005
5.46970,0.96970,0.68533,0.00152,0.31195,0.00120
5.56061,0.96970,0.16803,0.00084,0.82965,0.00148
5.65152,0.96970,0.07496,0.00063,0.92362,0.00079
5.74242,0.96970,0.01051,0.00026,0.98897,0.00026
5.83333,0.96970,0.00922,0.00028,0.99025,0.00026
5.92424,0.96970,0.00672,0.00035,0.99220,0.00073
6.01515,0.96970,0.01486,0.00033,0.98398,0.00084
6.10606,0.96970,0.03020,0.00139,0.96769,0.00071
6.19697,0.96970,0.26458,0.05121,0.66153,0.02267
6.28788,0.96970,0.42846,0.06937,0.49225,0.00992
6.37879,0.96970,0.70750,0.08213,0.13271,0.07765
6.46970,0.96970,0.88938,0.04898,0.02533,0.03631
6.56061,0.96970,0.91646,0.07218,0.00316,0.00820
6.65152,0.96970,0.97486,0.01726,0.00221,0.00568
6.74242,0.96970,0.99755,0.00122,0.00066,0.00057
6.83333,0.96970,0.99345,0.00396,0.00206,0.00054
6.92424,0.96970,0.99828,0.00083,0.00072,0.00018
7.01515,0.96970,0.99914,0.00021,0.00058,0.00007
7.10606,0.96970,0.99894,0.00039,0.00062,0.00005
7.19697,0.96970,0.99894,0.00039,0.00062,0.00005
7.28788,0.96970,0.99894,0.00039,0.00062,0.00005
7.37879,0.96970,0.99894,0.00039,0.00062,0.00005
7.46970,0.96970,0.99894,0.00039,0.00062,0.00005
7.56061,0.96970,0.99894,0.00039,0.00062,0.00005
7.65152,0.96970,0.99894,0.00039,0.00062,0.00005
7.74242,0.96970,0.99894,0.00039,0.00062,0.00005
7.83333,0.96970,0.99894,0.00039,0.00062,0.00005
7.92424,0.96970,0.99894,0.00039,0.00062,0.00005
8.01515,0.96970,0.99894,0.00039,0.00062,0.00005
8.10606,0.96970,0.38187,0.00146,0.61499,0.00168
8.19697,0.96970,0.26717,0.00073,0.72954,0.00257
8.28788,0.96970,0.07146,0.00078,0.92704,0.00073
8.37879,0.96970,0.01251,0.00009,0.98700,0.00040
8.46970,0.96970,0.01662,0.00066,0.98236,0.00035
8.56061,0.96970,0.00450,0.00003,0.99419,0.00128
8.65152,0.96970,0.00288,0.00008,0.99691,0.00013
8.74242,0.96970,0.00344,0.00003,0.99629,0.00025
8.83333,0.96970,0.06899,0.01507,0.91098,0.00496
8.92424,0.96970,0.12691,0.00300,0.86110,0.00899
9.01515,0.96970,0.58383,0.37302,0.03703,0.00612
9.10606,0.96970,0.63907,0.23750,0.10610,0.01733
9.19697,0.96970,0.74898,0.19763,0.03625,0.01714
9.28788,0.96970,0.82323,0.14303,0.01179,0.02196
9.37879,0.96970,0.89001,0.10017,0.00209,0.00774
9.46970,0.96970,0.33350,0.66510,0.00033,0.00107
9.56061,0.96970,0.97886,0.01937,0.00098,0.00079
9.65152,0.96970,0.99254,0.00676,0.00056,0.00014
9.74242,0.96970,0.99815,0.00133,0.00042,0.00010
9.83333,0.96970,0.99889,0.00039,0.00062,0.00010
9.92424,0.96970,0.99894,0.00039,0.00062,0.00005
10.01515,0.96970,0.99894,0.00039,0.00062,0.00005
10.10606,0.96970,0.99894,0.00039,0.00062,0.00005
10.19697,0.96970,0.99894,0.00039,0.00062,0.00005
10.28788,0.96970,0.99894,0.00039,0.00062,0.00005
10.37879,0.96970,0.99894,0.00039,0.00062,0.00005
10.46970,0.96970,0.99816,0.00090,0.00082,0.00012
10.56061,0.96970,0.99018,0.00762,0.00123,0.00097
10.65152,0.96970,0.73753,0.03597,0.00283,0.22367
10.74242,0.96970,0.45150,0.00661,0.00598,0.53590
10.83333,0.96970,0.42037,0.10016,0.00376,0.47570
10.92424,0.96970,0.20810,0.11741,0.01141,0.66308
11.01515,0.96970,0.35055,0.44155,0.00209,0.20581
11.10606,0.96970,0.00182,0.00038,0.00016,0.99764
11.19697,0.96970,0.07178,0.00170,0.01726,0.90926
11.28788,0.96970,0.02977,0.00044,0.02514,0.94465
11.37879,0.96970,0.03911,0.00036,0.00700,0.95353
11.46970,0.96970,0.08670,0.00038,0.00260,0.91032
11.56061,0.96970,0.07687,0.00017,0.00075,0.92220
11.65152,0.96970,0.46565,0.00040,0.01075,0.52320
11.74242,0.96970,0.97904,0.00008,0.01087,0.01001
11.83333,0.96970,0.99695,0.00004,0.00114,0.00188
11.92424,0.96970,0.99810,0.00003,0.00056,0.00131
12.01515,0.96970,0.99839,0.00078,0.00073,0.00010
12.10606,0.96970,0.99841,0.00058,0.00096,0.00005
12.19697,0.96970,0.99710,0.00105,0.00173,0.00012
12.28788,0.96970,0.99877,0.00051,0.00066,0.00006
12.37879,0.96970,0.99109,0.00674,0.00088,0.00130
12.46970,0.96970,0.99859,0.00050,0.00079,0.00012
12.56061,0.96970,0.99559,0.00215,0.00101,0.00125
12.65152,0.96970,0.99834,0.00073,0.00075,0.00019
12.74242,0.96970,0.99198,0.00603,0.00176,0.00023
12.83333,0.96970,0.99814,0.00096,0.00072,0.00018
12.92424,0.96970,0.89373,0.10000,0.00090,0.00537
13.01515,0.96970,0.61930,0.37289,0.00071,0.00710
13.10606,0.96970,0.65270,0.31839,0.00098,0.02794
13.19697,0.96970,0.25102,0.74416,0.00059,0.00424
13.28788,0.96970,0.10757,0.89010,0.00030,0.00203
13.37879,0.96970,0.51320,0.46191,0.00218,0.02271
13.46970,0.96970,0.23061,0.14001,0.00159,0.62779
13.56061,0.96970,0.48940,0.26227,0.00353,0.24479
13.65152,0.96970,0.03164,0.01643,0.00041,0.95152
13.74242,0.96970,0.10849,0.00418,0.01131,0.87602
13.83333,0.96970,0.00349,0.00009,0.00031,0.99612
13.92424,0.96970,0.00352,0.00008,0.00063,0.99577
14.01515,0.96970,0.00700,0.00006,0.00048,0.99245
14.10606,0.96970,0.00488,0.00002,0.00036,0.99474
14.19697,0.96970,0.11448,0.00018,0.00817,0.87717
14.28788,0.96970,0.76390,0.00013,0.03705,0.19892
14.37879,0.96970,0.94791,0.00009,0.02115,0.03085
14.46970,0.96970,0.98988,0.00006,0.00695,0.00311
14.56061,0.96970,0.99701,0.00003,0.00106,0.00191
14.65152,0.96970,0.99939,0.00007,0.00037,0.00017
14.74242,0.96970,0.99894,0.00039,0.00062,0.00005
14.83333,0.96970,0.99894,0.00039,0.00062,0.00005
14.92424,0.96970,0.99894,0.00039,0.00062,0.00005
15.01515,0.96970,0.99894,0.00039,0.00062,0.00005
15.10606,0.96970,0.99894,0.00039,0.00062,0.00005
15.19697,0.96970,0.99894,0.00039,0.00062,0.00005
15.28788,0.96970,0.99894,0.00039,0.00062,0.00005
15.37879,0.96970,0.99894,0.00039,0.00062,0.00005
