Time,unlabelled,left,square,circle,right,Duration
0.01,1.0,0.0,0.0,0.0,0.0,4.9
0.21,1.0,0.0,0.0,0.0,0.0,4.9
0.41,1.0,0.0,0.0,0.0,0.0,4.9
0.61,1.0,0.0,0.0,0.0,0.0,4.9
0.81,1.0,0.0,0.0,0.0,0.0,4.9
0.99,1.0,0.0,0.0,0.0,0.0,4.9
1.01,1.0,1.0,0.0,0.0,0.0,4.9
1.19,1.0,1.0,0.0,0.0,0.0,4.9
1.21,1.0,1.0,0.0,0.0,0.0,4.9
1.39,1.0,1.0,0.0,0.0,0.0,4.9
1.41,1.0,1.0,0.0,0.0,0.0,4.9
1.59,1.0,1.0,0.0,0.0,0.0,4.9
1.61,1.0,1.0,0.0,0.0,0.0,4.9
1.79,1.0,1.0,0.0,0.0,0.0,4.9
1.81,1.0,1.0,0.0,0.0,0.0,4.9
1.99,1.0,1.0,0.0,0.0,0.0,4.9
2.01,1.0,1.0,0.0,0.0,0.0,4.9
2.19,1.0,1.0,0.0,0.0,0.0,4.9
2.21,1.0,1.0,0.0,0.0,0.0,4.9
2.39,1.0,1.0,0.0,0.0,0.0,4.9
2.41,1.0,1.0,0.0,0.0,0.0,4.9
2.59,1.0,1.0,0.0,0.0,0.0,4.9
2.61,1.0,0.0,0.0,0.0,0.0,4.9
2.79,1.0,0.0,0.0,0.0,0.0,4.9
2.81,1.0,0.0,0.0,0.0,0.0,4.9
2.99,1.0,0.0,0.0,0.0,0.0,4.9
3.01,1.0,0.0,0.0,0.0,0.0,4.9
3.19,1.0,0.0,0.0,0.0,0.0,4.9
3.21,1.0,0.0,0.0,0.0,0.0,4.9
3.39,1.0,0.0,0.0,0.0,0.0,4.9
3.41,1.0,0.0,0.0,0.0,0.0,4.9
3.59,1.0,0.0,0.0,0.0,0.0,4.9
3.61,1.0,0.0,1.0,0.0,0.0,4.9
3.79,1.0,0.0,1.0,0.0,0.0,4.9
3.81,1.0,0.0,1.0,0.0,0.0,4.9
3.99,1.0,0.0,1.0,0.0,0.0,4.9
4.01,1.0,0.0,1.0,0.0,0.0,4.9
4.19,1.0,0.0,1.0,0.0,0.0,4.9
4.21,1.0,0.0,1.0,0.0,0.0,4.9
4.39,1.0,0.0,1.0,0.0,0.0,4.9
4.41,0.0,0.0,1.0,0.0,0.0,4.9
4.59,0.0,0.0,1.0,0.0,0.0,4.9
4.61,1.0,0.0,1.0,0.0,0.0,4.9
4.79,1.0,0.0,1.0,0.0,0.0,4.9
4.81,1.0,0.0,1.0,0.0,0.0,4.9
4.99,1.0,0.0,1.0,0.0,0.0,4.9
5.01,1.0,0.0,1.0,0.0,0.0,4.9
5.19,1.0,0.0,1.0,0.0,0.0,4.9
5.21,1.0,0.0,1.0,0.0,0.0,4.9
5.39,1.0,0.0,1.0,0.0,0.0,4.9
5.41,1.0,0.0,0.0,0.0,0.0,4.9
5.59,1.0,0.0,0.0,0.0,0.0,4.9
5.61,1.0,0.0,0.0,0.0,0.0,4.9
5.79,1.0,0.0,0.0,0.0,0.0,4.9
5.81,1.0,0.0,0.0,0.0,0.0,4.9
5.99,1.0,0.0,0.0,0.0,0.0,4.9
6.01,1.0,0.0,0.0,0.0,0.0,4.9
6.19,1.0,0.0,0.0,0.0,0.0,4.9
6.21,1.0,0.0,0.0,0.0,0.0,4.9
6.39,1.0,0.0,0.0,0.0,0.0,4.9
6.41,1.0,0.0,0.0,1.0,0.0,4.9
6.59,1.0,0.0,0.0,1.0,0.0,4.9
6.61,1.0,0.0,0.0,1.0,0.0,4.9
6.79,1.0,0.0,0.0,1.0,0.0,4.9
6.81,1.0,0.0,0.0,1.0,0.0,4.9
6.99,1.0,0.0,0.0,1.0,0.0,4.9
7.01,1.0,0.0,0.0,1.0,0.0,4.9
7.19,1.0,0.0,0.0,1.0,0.0,4.9
7.21,0.0,0.0,0.0,1.0,0.0,4.9
7.39,0.0,0.0,0.0,1.0,0.0,4.9
7.41,1.0,0.0,0.0,1.0,0.0,4.9
7.59,1.0,0.0,0.0,1.0,0.0,4.9
7.61,1.0,0.0,0.0,1.0,0.0,4.9
7.79,1.0,0.0,0.0,1.0,0.0,4.9
7.81,1.0,0.0,0.0,1.0,0.0,4.9
7.99,1.0,0.0,0.0,1.0,0.0,4.9
8.01,1.0,0.0,0.0,1.0,0.0,4.9
8.19,1.0,0.0,0.0,1.0,0.0,4.9
8.21,1.0,0.0,0.0,0.0,0.0,4.9
8.39,1.0,0.0,0.0,0.0,0.0,4.9
8.41,1.0,0.0,0.0,0.0,0.0,4.9
8.59,1.0,0.0,0.0,0.0,0.0,4.9
8.61,1.0,0.0,0.0,0.0,0.0,4.9
8.79,1.0,0.0,0.0,0.0,0.0,4.9
8.81,1.0,0.0,0.0,0.0,0.0,4.9
8.99,1.0,0.0,0.0,0.0,0.0,4.9
9.01,1.0,0.0,0.0,0.0,1.0,4.9
9.19,1.0,0.0,0.0,0.0,1.0,4.9
9.21,1.0,0.0,0.0,0.0,1.0,4.9
9.39,1.0,0.0,0.0,0.0,1.0,4.9
9.41,1.0,0.0,0.0,0.0,1.0,4.9
9.59,1.0,0.0,0.0,0.0,1.0,4.9
9.61,1.0,0.0,0.0,0.0,1.0,4.9
9.79,1.0,0.0,0.0,0.0,1.0,4.9
9.81,1.0,0.0,0.0,0.0,1.0,4.9
9.99,1.0,0.0,0.0,0.0,1.0,4.9
10.01,1.0,0.0,0.0,0.0,1.0,4.9
10.19,1.0,0.0,0.0,0.0,1.0,4.9
10.21,1.0,0.0,0.0,0.0,1.0,4.9
10.39,1.0,0.0,0.0,0.0,1.0,4.9
10.41,1.0,0.0,0.0,0.0,0.0,4.9
10.59,1.0,0.0,0.0,0.0,0.0,4.9
10.61,1.0,0.0,0.0,0.0,0.0,4.9
10.79,1.0,0.0,0.0,0.0,0.0,4.9
10.81,1.0,0.0,0.0,0.0,0.0,4.9
10.99,1.0,0.0,0.0,0.0,0.0,4.9
11.01,1.0,0.0,0.0,0.0,0.0,4.9
11.19,1.0,0.0,0.0,0.0,0.0,4.9
11.21,1.0,0.0,0.0,0.0,0.0,4.9
11.39,1.0,0.0,0.0,0.0,0.0,4.9
11.41,1.0,1.0,0.0,0.0,0.0,4.9
11.59,1.0,1.0,0.0,0.0,0.0,4.9
11.61,1.0,1.0,0.0,0.0,0.0,4.9
11.79,1.0,1.0,0.0,0.0,0.0,4.9
11.81,1.0,1.0,0.0,0.0,0.0,4.9
11.99,1.0,1.0,0.0,0.0,0.0,4.9
12.01,1.0,1.0,0.0,0.0,0.0,4.9
12.19,1.0,1.0,0.0,0.0,0.0,4.9
12.21,1.0,1.0,0.0,0.0,0.0,4.9
12.39,1.0,1.0,0.0,0.0,0.0,4.9
12.41,1.0,1.0,0.0,0.0,0.0,4.9
12.59,1.0,1.0,0.0,0.0,0.0,4.9
12.61,1.0,1.0,0.0,0.0,0.0,4.9
12.79,1.0,1.0,0.0,0.0,0.0,4.9
12.81,1.0,1.0,0.0,0.0,0.0,4.9
12.99,1.0,1.0,0.0,0.0,0.0,4.9
13.01,1.0,0.0,0.0,0.0,0.0,4.9
13.19,1.0,0.0,0.0,0.0,0.0,4.9
13.21,1.0,0.0,0.0,0.0,0.0,4.9
13.39,1.0,0.0,0.0,0.0,0.0,4.9
13.41,1.0,0.0,0.0,0.0,0.0,4.9
13.59,1.0,0.0,0.0,0.0,0.0,4.9
13.61,1.0,0.0,1.0,0.0,0.0,4.9
13.79,1.0,0.0,1.0,0.0,0.0,4.9
13.81,1.0,0.0,1.0,0.0,0.0,4.9
13.99,1.0,0.0,1.0,0.0,0.0,4.9
14.01,1.0,0.0,1.0,0.0,0.0,4.9
14.19,1.0,0.0,1.0,0.0,0.0,4.9
14.21,1.0,0.0,1.0,0.0,0.0,4.9
14.39,1.0,0.0,1.0,0.0,0.0,4.9
14.41,0.0,0.0,1.0,0.0,0.0,4.9
14.59,0.0,0.0,1.0,0.0,0.0,4.9
14.61,0.0,0.0,1.0,0.0,0.0,4.9
14.79,0.0,0.0,1.0,0.0,0.0,4.9
14.81,1.0,0.0,1.0,0.0,0.0,4.9
14.99,1.0,0.0,1.0,0.0,0.0,4.9
15.01,1.0,0.0,1.0,0.0,0.0,4.9
15.19,1.0,0.0,1.0,0.0,0.0,4.9
15.21,1.0,0.0,1.0,0.0,0.0,4.9
15.39,1.0,0.0,1.0,0.0,0.0,4.9
15.41,1.0,0.0,1.0,0.0,0.0,4.9
15.59,1.0,0.0,1.0,0.0,0.0,4.9
15.61,1.0,0.0,0.0,0.0,0.0,4.9
15.79,1.0,0.0,0.0,0.0,0.0,4.9
15.81,1.0,0.0,0.0,0.0,0.0,4.9
15.99,1.0,0.0,0.0,0.0,0.0,4.9
16.01,1.0,0.0,0.0,0.0,0.0,4.9
16.19,1.0,0.0,0.0,0.0,0.0,4.9
16.21,1.0,0.0,0.0,0.0,0.0,4.9
16.39,1.0,0.0,0.0,0.0,0.0,4.9
16.41,1.0,0.0,0.0,1.0,0.0,4.9
16.59,1.0,0.0,0.0,1.0,0.0,4.9
16.61,1.0,0.0,0.0,1.0,0.0,4.9
16.79,1.0,0.0,0.0,1.0,0.0,4.9
16.81,1.0,0.0,0.0,1.0,0.0,4.9
16.99,1.0,0.0,0.0,1.0,0.0,4.9
17.01,1.0,0.0,0.0,1.0,0.0,4.9
17.19,1.0,0.0,0.0,1.0,0.0,4.9
17.21,0.0,0.0,0.0,1.0,0.0,4.9
17.39,0.0,0.0,0.0,1.0,0.0,4.9
17.41,1.0,0.0,0.0,1.0,0.0,4.9
17.59,1.0,0.0,0.0,1.0,0.0,4.9
17.61,1.0,0.0,0.0,1.0,0.0,4.9
17.79,1.0,0.0,0.0,1.0,0.0,4.9
17.81,1.0,0.0,0.0,1.0,0.0,4.9
17.99,1.0,0.0,0.0,1.0,0.0,4.9
18.01,1.0,0.0,0.0,1.0,0.0,4.9
18.19,1.0,0.0,0.0,1.0,0.0,4.9
18.21,1.0,0.0,0.0,0.0,0.0,4.9
18.39,1.0,0.0,0.0,0.0,0.0,4.9
18.41,1.0,0.0,0.0,0.0,0.0,4.9
18.59,1.0,0.0,0.0,0.0,0.0,4.9
18.61,1.0,0.0,0.0,0.0,0.0,4.9
18.79,1.0,0.0,0.0,0.0,0.0,4.9
18.81,1.0,0.0,0.0,0.0,0.0,4.9
18.99,1.0,0.0,0.0,0.0,0.0,4.9
19.01,1.0,0.0,0.0,0.0,0.0,4.9
19.19,1.0,0.0,0.0,0.0,0.0,4.9
19.21,1.0,0.0,0.0,0.0,1.0,4.9
19.39,1.0,0.0,0.0,0.0,1.0,4.9
19.41,1.0,0.0,0.0,0.0,1.0,4.9
19.59,1.0,0.0,0.0,0.0,1.0,4.9
19.61,1.0,0.0,0.0,0.0,1.0,4.9
19.79,1.0,0.0,0.0,0.0,1.0,4.9
19.81,1.0,0.0,0.0,0.0,1.0,4.9
19.99,1.0,0.0,0.0,0.0,1.0,4.9
20.01,1.0,0.0,0.0,0.0,1.0,4.9
20.19,1.0,0.0,0.0,0.0,1.0,4.9
20.21,1.0,0.0,0.0,0.0,1.0,4.9
20.39,1.0,0.0,0.0,0.0,1.0,4.9
20.41,1.0,0.0,0.0,0.0,1.0,4.9
20.59,1.0,0.0,0.0,0.0,1.0,4.9
20.61,1.0,0.0,0.0,0.0,1.0,4.9
20.79,1.0,0.0,0.0,0.0,1.0,4.9
20.81,1.0,0.0,0.0,0.0,0.0,4.9
20.99,1.0,0.0,0.0,0.0,0.0,4.9
21.19,1.0,0.0,0.0,0.0,0.0,4.9
21.39,1.0,0.0,0.0,0.0,0.0,4.9
21.59,1.0,0.0,0.0,0.0,0.0,4.9
21.79,1.0,0.0,0.0,0.0,0.0,4.9
