Time (seconds), Duration (seconds),pred_unlabelled,pred_left,pred_square,pred_circle,pred_right
0.01000,0.98000,0.95586,0.02764,0.00218,0.00395,0.01037
0.21000,0.98000,0.95530,0.02782,0.00220,0.00403,0.01066
0.41000,0.98000,0.95417,0.02862,0.00223,0.00411,0.01086
0.61000,0.98000,0.94757,0.03504,0.00267,0.00447,0.01025
0.81000,0.98000,0.91423,0.06428,0.00207,0.00346,0.01596
1.01000,0.98000,0.93808,0.04284,0.00172,0.00274,0.01462
1.21000,0.98000,0.93814,0.04363,0.00169,0.00248,0.01406
1.41000,0.98000,0.94116,0.03755,0.00208,0.00374,0.01547
1.61000,0.98000,0.70465,0.23249,0.01596,0.01853,0.02837
1.81000,0.98000,0.15933,0.78407,0.00902,0.00642,0.04115
2.01000,0.98000,0.01057,0.98783,0.00085,0.00007,0.00068
2.21000,0.98000,0.00099,0.99883,0.00003,0.00003,0.00012
2.41000,0.98000,0.00095,0.99890,0.00005,0.00001,0.00010
2.61000,0.98000,0.05309,0.94458,0.00017,0.00015,0.00201
2.81000,0.98000,0.69772,0.29543,0.00373,0.00007,0.00304
3.01000,0.98000,0.93528,0.03029,0.00806,0.00249,0.02388
3.21000,0.98000,0.94147,0.04422,0.00240,0.00307,0.00884
3.41000,0.98000,0.95002,0.03460,0.00240,0.00338,0.00960
3.61000,0.98000,0.94961,0.03530,0.00234,0.00327,0.00947
3.81000,0.98000,0.95001,0.03536,0.00232,0.00310,0.00921
4.01000,0.98000,0.94998,0.03567,0.00227,0.00304,0.00903
4.21000,0.98000,0.86718,0.03280,0.02617,0.05135,0.02250
4.41000,0.98000,0.83648,0.00789,0.06290,0.03053,0.06219
4.61000,0.98000,0.06049,0.00327,0.92217,0.00338,0.01069
4.81000,0.98000,0.01111,0.00023,0.98624,0.00101,0.00141
5.01000,0.98000,0.00012,0.00001,0.99983,0.00001,0.00004
5.21000,0.98000,0.00098,0.00007,0.99884,0.00003,0.00008
5.41000,0.98000,0.00091,0.00005,0.99889,0.00003,0.00013
5.61000,0.98000,0.02590,0.00143,0.97186,0.00056,0.00024
5.81000,0.98000,0.72418,0.00515,0.24379,0.00753,0.01934
6.01000,0.98000,0.90638,0.01307,0.06035,0.01334,0.00687
6.21000,0.98000,0.96702,0.01285,0.00522,0.00597,0.00895
6.41000,0.98000,0.95243,0.03114,0.00243,0.00375,0.01025
6.61000,0.98000,0.95311,0.03055,0.00230,0.00391,0.01013
6.81000,0.98000,0.95338,0.02970,0.00231,0.00393,0.01068
7.01000,0.98000,0.95294,0.03005,0.00231,0.00397,0.01073
7.21000,0.98000,0.94352,0.03689,0.00326,0.00456,0.01177
7.41000,0.98000,0.86046,0.02279,0.01211,0.07401,0.03064
7.61000,0.98000,0.10807,0.00235,0.00461,0.88122,0.00374
7.81000,0.98000,0.00485,0.00041,0.00093,0.99327,0.00053
8.01000,0.98000,0.00231,0.00011,0.00021,0.99709,0.00027
8.21000,0.98000,0.00216,0.00009,0.00017,0.99751,0.00007
8.41000,0.98000,0.01744,0.00032,0.00064,0.98054,0.00106
8.61000,0.98000,0.41214,0.00289,0.00672,0.56388,0.01436
8.81000,0.98000,0.90165,0.01137,0.00743,0.06379,0.01576
9.01000,0.98000,0.94453,0.02537,0.00504,0.00906,0.01600
9.21000,0.98000,0.93793,0.04519,0.00310,0.00316,0.01062
9.41000,0.98000,0.95147,0.03333,0.00229,0.00335,0.00956
9.61000,0.98000,0.95078,0.03359,0.00238,0.00346,0.00980
9.81000,0.98000,0.95034,0.03390,0.00237,0.00347,0.00992
10.01000,0.98000,0.94986,0.03401,0.00248,0.00375,0.00990
10.21000,0.98000,0.92769,0.04904,0.00495,0.00368,0.01464
10.41000,0.98000,0.45289,0.06630,0.00718,0.00636,0.46727
10.61000,0.98000,0.01207,0.00113,0.00037,0.00024,0.98619
10.81000,0.98000,0.00148,0.00014,0.00009,0.00008,0.99820
11.01000,0.98000,0.00786,0.00032,0.00013,0.00004,0.99164
11.21000,0.98000,0.14342,0.01907,0.00142,0.00135,0.83473
11.41000,0.98000,0.85099,0.11742,0.00543,0.00164,0.02452
11.61000,0.98000,0.95459,0.02936,0.00227,0.00364,0.01014
11.81000,0.98000,0.95121,0.03299,0.00235,0.00353,0.00993
12.01000,0.98000,0.95232,0.03186,0.00231,0.00352,0.00998
12.21000,0.98000,0.95248,0.03210,0.00227,0.00341,0.00973
12.41000,0.98000,0.95258,0.03204,0.00224,0.00342,0.00972
12.61000,0.98000,0.95216,0.03272,0.00225,0.00336,0.00952
12.81000,0.98000,0.65825,0.25272,0.01219,0.04086,0.03599
13.01000,0.98000,0.17026,0.79718,0.00620,0.00337,0.02299
13.21000,0.98000,0.01457,0.98520,0.00007,0.00006,0.00011
13.41000,0.98000,0.00055,0.99940,0.00002,0.00000,0.00003
13.61000,0.98000,0.00253,0.99742,0.00001,0.00000,0.00005
13.81000,0.98000,0.02418,0.97567,0.00008,0.00001,0.00006
14.01000,0.98000,0.86061,0.13534,0.00146,0.00010,0.00249
14.21000,0.98000,0.92405,0.05427,0.00549,0.00332,0.01287
14.41000,0.98000,0.94150,0.04312,0.00250,0.00323,0.00966
14.61000,0.98000,0.94671,0.03787,0.00240,0.00336,0.00966
14.81000,0.98000,0.94777,0.03692,0.00240,0.00334,0.00957
15.01000,0.98000,0.94896,0.03597,0.00238,0.00324,0.00946
15.21000,0.98000,0.93818,0.04693,0.00255,0.00252,0.00981
15.41000,0.98000,0.89117,0.00515,0.06964,0.00346,0.03059
15.61000,0.98000,0.32649,0.00858,0.65051,0.00150,0.01292
15.81000,0.98000,0.00076,0.00001,0.99858,0.00005,0.00060
16.01000,0.98000,0.00026,0.00001,0.99969,0.00000,0.00004
16.21000,0.98000,0.00009,0.00001,0.99988,0.00000,0.00002
16.41000,0.98000,0.00178,0.00002,0.99798,0.00003,0.00018
16.61000,0.98000,0.00115,0.00001,0.99868,0.00007,0.00008
16.81000,0.98000,0.62006,0.00247,0.36056,0.00959,0.00732
17.01000,0.98000,0.79755,0.00222,0.18086,0.00652,0.01285
17.21000,0.98000,0.94914,0.03474,0.00626,0.00680,0.00305
17.41000,0.98000,0.94393,0.03866,0.00261,0.00323,0.01158
17.61000,0.98000,0.94787,0.03943,0.00201,0.00267,0.00802
17.81000,0.98000,0.94773,0.03966,0.00199,0.00263,0.00800
18.01000,0.98000,0.95087,0.03840,0.00192,0.00220,0.00660
18.21000,0.98000,0.86236,0.03230,0.01100,0.06384,0.03050
18.41000,0.98000,0.29857,0.01088,0.02019,0.65376,0.01660
18.61000,0.98000,0.00637,0.00054,0.00058,0.99197,0.00054
18.81000,0.98000,0.00244,0.00024,0.00030,0.99667,0.00035
19.01000,0.98000,0.00127,0.00004,0.00006,0.99860,0.00002
19.21000,0.98000,0.00985,0.00027,0.00036,0.98916,0.00036
19.41000,0.98000,0.41390,0.00361,0.00656,0.57005,0.00589
19.61000,0.98000,0.92832,0.00970,0.00613,0.04803,0.00782
19.81000,0.98000,0.94728,0.02826,0.00627,0.00486,0.01332
20.01000,0.98000,0.93279,0.05436,0.00248,0.00206,0.00832
20.21000,0.98000,0.94589,0.04246,0.00168,0.00255,0.00742
20.41000,0.98000,0.94447,0.04416,0.00163,0.00246,0.00728
20.61000,0.98000,0.90931,0.07783,0.00360,0.00210,0.00717
20.81000,0.98000,0.66754,0.03504,0.00496,0.00424,0.28822
21.01000,0.98000,0.01664,0.00074,0.00047,0.00088,0.98127
21.21000,0.98000,0.00114,0.00005,0.00007,0.00005,0.99870
21.41000,0.98000,0.00439,0.00010,0.00010,0.00006,0.99535
21.61000,0.98000,0.14830,0.02346,0.00123,0.00109,0.82592
21.81000,0.98000,0.85823,0.12488,0.00333,0.00121,0.01234
22.01000,0.98000,0.95003,0.03919,0.00151,0.00239,0.00688
22.21000,0.98000,0.94812,0.04112,0.00149,0.00241,0.00686
22.41000,0.98000,0.94882,0.04034,0.00148,0.00243,0.00692
